Price Resolution OpticalZoom DigitalZoom Weight StorageIncluded
0.166666666667 0.166666666667 0.166666666667 0.166666666667 0.166666666667 0.166666666667
0.0555555555556 0.222222222222 0.222222222222 0.222222222222 0.0555555555556 0.222222222222
0.166666666667 0.166666666667 0.166666666667 0.166666666667 0.166666666667 0.166666666667
0.0555555555556 0.222222222222 0.222222222222 0.222222222222 0.0555555555556 0.222222222222
0.0185185185185 0.0740740740741 0.296296296296 0.296296296296 0.0185185185185 0.296296296296
0.0047619047619 0.0761904761905 0.304761904762 0.304761904762 0.0047619047619 0.304761904762
0.00119904076739 0.0767386091127 0.306954436451 0.306954436451 0.00119904076739 0.306954436451
0.00127347978351 0.0203756765361 0.326010824578 0.326010824578 0.000318369945877 0.326010824578
0.000318750498048 0.020400031875 0.326400510001 0.326400510001 7.96876245119e-05 0.326400510001
