Price Resolution OpticalZoom DigitalZoom Weight StorageIncluded
0.166666666667 0.166666666667 0.166666666667 0.166666666667 0.166666666667 0.166666666667
0.0666666666667 0.266666666667 0.266666666667 0.266666666667 0.0666666666667 0.0666666666667
0.121212121212 0.484848484848 0.121212121212 0.121212121212 0.121212121212 0.030303030303
0.0888888888889 0.355555555556 0.355555555556 0.0888888888889 0.0888888888889 0.0222222222222
0.124031007752 0.124031007752 0.496124031008 0.124031007752 0.124031007752 0.0077519379845
0.0383693045564 0.153477218225 0.613908872902 0.153477218225 0.0383693045564 0.00239808153477
0.0101975780752 0.163161249203 0.652644996813 0.163161249203 0.0101975780752 0.0006373486297
0.026304973284 0.105219893136 0.420879572544 0.420879572544 0.026304973284 0.000411015207563
0.0116257947321 0.0465031789282 0.744050862852 0.186012715713 0.0116257947321 0.000181653042688
