Price Resolution OpticalZoom DigitalZoom Weight StorageIncluded
0.166666666667 0.166666666667 0.166666666667 0.166666666667 0.166666666667 0.166666666667
0.0666666666667 0.266666666667 0.0666666666667 0.266666666667 0.0666666666667 0.266666666667
0.0666666666667 0.266666666667 0.0666666666667 0.266666666667 0.0666666666667 0.266666666667
0.0833333333333 0.0833333333333 0.0833333333333 0.333333333333 0.0833333333333 0.333333333333
0.037037037037 0.148148148148 0.037037037037 0.148148148148 0.037037037037 0.592592592593
0.00980392156863 0.156862745098 0.00980392156863 0.156862745098 0.0392156862745 0.627450980392
0.00254452926209 0.162849872774 0.0101781170483 0.162849872774 0.0101781170483 0.651399491094
0.00084388185654 0.0540084388186 0.0135021097046 0.0540084388186 0.0135021097046 0.864135021097
0.000224769611149 0.057541020454 0.00359631377838 0.0143852551135 0.00359631377838 0.920656327265
