Price Resolution OpticalZoom DigitalZoom Weight StorageIncluded
0.166666666667 0.166666666667 0.166666666667 0.166666666667 0.166666666667 0.166666666667
0.0833333333333 0.0833333333333 0.333333333333 0.333333333333 0.0833333333333 0.0833333333333
0.166666666667 0.0416666666667 0.166666666667 0.166666666667 0.166666666667 0.0416666666667
0.333333333333 0.0208333333333 0.0833333333333 0.333333333333 0.333333333333 0.0208333333333
0.166666666667 0.0104166666667 0.0416666666667 0.166666666667 0.166666666667 0.0104166666667
0.333333333333 0.00520833333333 0.0208333333333 0.0833333333333 0.0833333333333 0.00520833333333
0.166666666667 0.0104166666667 0.0104166666667 0.166666666667 0.0416666666667 0.00260416666667
0.0833333333333 0.0208333333333 0.00520833333333 0.333333333333 0.0208333333333 0.00130208333333
0.166666666667 0.166666666667 0.166666666667 0.166666666667 0.166666666667 0.166666666667
0.333333333333 0.333333333333 0.333333333333 0.333333333333 0.0833333333333 0.333333333333
0.666666666667 0.166666666667 0.166666666667 0.166666666667 0.166666666667 0.166666666667
0.166666666667 0.166666666667 0.166666666667 0.166666666667 0.166666666667 0.166666666667
0.0833333333333 0.333333333333 0.0833333333333 0.333333333333 0.333333333333 0.333333333333
0.0416666666667 0.166666666667 0.0416666666667 0.166666666667 0.166666666667 0.166666666667
0.0833333333333 0.0833333333333 0.0208333333333 0.0833333333333 0.333333333333 0.0833333333333
0.166666666667 0.0416666666667 0.0104166666667 0.166666666667 0.666666666667 0.0416666666667
0.0833333333333 0.0833333333333 0.00520833333333 0.0833333333333 0.333333333333 0.0833333333333
0.0416666666667 0.0416666666667 0.00260416666667 0.0416666666667 0.166666666667 0.0416666666667
0.0208333333333 0.0833333333333 0.00130208333333 0.0208333333333 0.333333333333 0.0833333333333
0.0416666666667 0.166666666667 0.000651041666667 0.0416666666667 0.666666666667 0.0416666666667
0.0833333333333 0.0833333333333 0.000325520833333 0.0833333333333 1.33333333333 0.0208333333333
0.0416666666667 0.0416666666667 0.000162760416667 0.0416666666667 0.666666666667 0.0104166666667
0.0833333333333 0.0208333333333 0.000325520833333 0.0208333333333 0.333333333333 0.00520833333333
0.166666666667 0.166666666667 0.166666666667 0.166666666667 0.166666666667 0.166666666667
0.333333333333 0.333333333333 0.0833333333333 0.333333333333 0.333333333333 0.333333333333
0.166666666667 0.166666666667 0.0416666666667 0.166666666667 0.166666666667 0.166666666667
0.333333333333 0.0833333333333 0.0208333333333 0.0833333333333 0.333333333333 0.0833333333333
0.666666666667 0.0416666666667 0.0104166666667 0.166666666667 0.666666666667 0.0416666666667
0.333333333333 0.0833333333333 0.00520833333333 0.0833333333333 1.33333333333 0.0833333333333
0.166666666667 0.166666666667 0.00260416666667 0.0416666666667 0.666666666667 0.0416666666667
0.333333333333 0.333333333333 0.00130208333333 0.0208333333333 0.333333333333 0.0208333333333
0.166666666667 0.666666666667 0.000651041666667 0.0416666666667 0.166666666667 0.0104166666667
0.0833333333333 0.333333333333 0.00130208333333 0.0833333333333 0.0833333333333 0.00520833333333
0.166666666667 0.166666666667 0.166666666667 0.166666666667 0.166666666667 0.166666666667
