Price Resolution OpticalZoom DigitalZoom Weight StorageIncluded
0.166666666667 0.166666666667 0.166666666667 0.166666666667 0.166666666667 0.166666666667
0.222222222222 0.222222222222 0.0555555555556 0.222222222222 0.222222222222 0.0555555555556
0.222222222222 0.222222222222 0.0555555555556 0.222222222222 0.222222222222 0.0555555555556
0.380952380952 0.0952380952381 0.0238095238095 0.0952380952381 0.380952380952 0.0238095238095
0.380952380952 0.0952380952381 0.0238095238095 0.0952380952381 0.380952380952 0.0238095238095
0.380952380952 0.0952380952381 0.0238095238095 0.0952380952381 0.380952380952 0.0238095238095
0.166666666667 0.166666666667 0.166666666667 0.166666666667 0.166666666667 0.166666666667
0.166666666667 0.166666666667 0.166666666667 0.166666666667 0.166666666667 0.166666666667
0.0555555555556 0.222222222222 0.0555555555556 0.222222222222 0.222222222222 0.222222222222
0.0555555555556 0.222222222222 0.0555555555556 0.222222222222 0.222222222222 0.222222222222
0.121212121212 0.121212121212 0.030303030303 0.121212121212 0.484848484848 0.121212121212
0.121212121212 0.121212121212 0.030303030303 0.121212121212 0.484848484848 0.121212121212
0.121212121212 0.121212121212 0.030303030303 0.121212121212 0.484848484848 0.121212121212
0.166666666667 0.166666666667 0.166666666667 0.166666666667 0.166666666667 0.166666666667
0.0555555555556 0.222222222222 0.0555555555556 0.222222222222 0.222222222222 0.222222222222
0.0555555555556 0.222222222222 0.0555555555556 0.222222222222 0.222222222222 0.222222222222
0.190476190476 0.190476190476 0.047619047619 0.190476190476 0.190476190476 0.190476190476
0.190476190476 0.190476190476 0.047619047619 0.190476190476 0.190476190476 0.190476190476
0.190476190476 0.190476190476 0.047619047619 0.190476190476 0.190476190476 0.190476190476
0.355555555556 0.0888888888889 0.0222222222222 0.0888888888889 0.355555555556 0.0888888888889
0.355555555556 0.0888888888889 0.0222222222222 0.0888888888889 0.355555555556 0.0888888888889
0.418300653595 0.0261437908497 0.00653594771242 0.104575163399 0.418300653595 0.0261437908497
0.185507246377 0.0115942028986 0.00289855072464 0.0463768115942 0.742028985507 0.0115942028986
0.166666666667 0.166666666667 0.166666666667 0.166666666667 0.166666666667 0.166666666667
0.190476190476 0.190476190476 0.047619047619 0.190476190476 0.190476190476 0.190476190476
0.190476190476 0.190476190476 0.047619047619 0.190476190476 0.190476190476 0.190476190476
0.190476190476 0.190476190476 0.047619047619 0.190476190476 0.190476190476 0.190476190476
0.484848484848 0.121212121212 0.030303030303 0.121212121212 0.121212121212 0.121212121212
0.609523809524 0.0380952380952 0.00952380952381 0.152380952381 0.152380952381 0.0380952380952
0.609523809524 0.0380952380952 0.00952380952381 0.152380952381 0.152380952381 0.0380952380952
0.418300653595 0.0261437908497 0.00653594771242 0.104575163399 0.418300653595 0.0261437908497
0.185507246377 0.0115942028986 0.00289855072464 0.0463768115942 0.742028985507 0.0115942028986
0.428810720268 0.0268006700168 0.00167504187605 0.107202680067 0.428810720268 0.00670016750419
0.163161249203 0.0101975780752 0.0006373486297 0.163161249203 0.652644996813 0.0101975780752
0.0468864468864 0.0117216117216 0.000732600732601 0.187545787546 0.750183150183 0.0029304029304
0.164102564103 0.0102564102564 0.0025641025641 0.164102564103 0.65641025641 0.0025641025641
0.439862542955 0.00687285223368 0.00171821305842 0.109965635739 0.439862542955 0.00171821305842
0.430976430976 0.026936026936 0.0016835016835 0.107744107744 0.430976430976 0.0016835016835
0.159800249688 0.039950062422 0.000624219725343 0.159800249688 0.639200998752 0.000624219725343
0.188166115399 0.0117603822124 0.000183755972069 0.0470415288497 0.752664461595 0.000183755972069
0.188166115399 0.0117603822124 0.000183755972069 0.0470415288497 0.752664461595 0.000183755972069
0.470318061775 0.0293948788609 0.000459294982202 0.0293948788609 0.470318061775 0.000114823745551
0.18177783695 0.0454444592376 0.000177517418897 0.0454444592376 0.727111347801 4.43793547242e-05
0.18822448159 0.0117640300994 4.59532425757e-05 0.0470561203975 0.75289792636 1.14883106439e-05
0.481185341821 0.00751852096595 2.93692225233e-05 0.0300740838638 0.481185341821 7.34230563081e-06
0.481185341821 0.00751852096595 2.93692225233e-05 0.0300740838638 0.481185341821 7.34230563081e-06
0.495159733516 0.00193421770905 7.55553792597e-06 0.00773687083619 0.495159733516 1.88888448149e-06
0.795028041947 0.00310557828885 3.03279129771e-06 0.00310557828885 0.198757010487 7.58197824427e-07
0.787687573993 0.00307690458591 3.00478963468e-06 0.0123076183436 0.196921893498 3.00478963468e-06
