Price Resolution OpticalZoom DigitalZoom Weight StorageIncluded
0.166666666667 0.166666666667 0.166666666667 0.166666666667 0.166666666667 0.166666666667
0.166666666667 0.166666666667 0.166666666667 0.166666666667 0.166666666667 0.166666666667
0.0555555555556 0.222222222222 0.222222222222 0.222222222222 0.0555555555556 0.222222222222
0.030303030303 0.484848484848 0.121212121212 0.121212121212 0.121212121212 0.121212121212
0.0833333333333 0.333333333333 0.0833333333333 0.0833333333333 0.333333333333 0.0833333333333
0.222222222222 0.222222222222 0.222222222222 0.0555555555556 0.222222222222 0.0555555555556
0.121212121212 0.121212121212 0.121212121212 0.121212121212 0.484848484848 0.030303030303
0.355555555556 0.0888888888889 0.0888888888889 0.0888888888889 0.355555555556 0.0222222222222
0.136752136752 0.136752136752 0.034188034188 0.136752136752 0.547008547009 0.00854700854701
0.0969696969697 0.0969696969697 0.0242424242424 0.387878787879 0.387878787879 0.00606060606061
0.234432234432 0.234432234432 0.0586080586081 0.234432234432 0.234432234432 0.003663003663
0.166666666667 0.166666666667 0.166666666667 0.166666666667 0.166666666667 0.166666666667
0.190476190476 0.190476190476 0.190476190476 0.190476190476 0.047619047619 0.190476190476
0.111111111111 0.444444444444 0.111111111111 0.111111111111 0.111111111111 0.111111111111
0.148148148148 0.592592592593 0.037037037037 0.037037037037 0.148148148148 0.037037037037
0.313725490196 0.313725490196 0.0196078431373 0.0196078431373 0.313725490196 0.0196078431373
0.627450980392 0.156862745098 0.00980392156863 0.0392156862745 0.156862745098 0.00980392156863
0.87074829932 0.0544217687075 0.00340136054422 0.0136054421769 0.0544217687075 0.00340136054422
0.636815920398 0.1592039801 0.00248756218905 0.0398009950249 0.1592039801 0.00248756218905
0.636815920398 0.1592039801 0.00248756218905 0.0398009950249 0.1592039801 0.00248756218905
0.396899224806 0.396899224806 0.0015503875969 0.0992248062016 0.0992248062016 0.0062015503876
0.431521281079 0.431521281079 0.000421407501054 0.0269700800674 0.10788032027 0.00168563000421
0.166666666667 0.166666666667 0.166666666667 0.166666666667 0.166666666667 0.166666666667
0.222222222222 0.222222222222 0.0555555555556 0.222222222222 0.222222222222 0.0555555555556
0.296296296296 0.296296296296 0.0185185185185 0.0740740740741 0.296296296296 0.0185185185185
0.156862745098 0.627450980392 0.00980392156863 0.0392156862745 0.156862745098 0.00980392156863
0.304761904762 0.304761904762 0.0047619047619 0.0761904761905 0.304761904762 0.0047619047619
0.1592039801 0.636815920398 0.00248756218905 0.0398009950249 0.1592039801 0.00248756218905
0.0452937013447 0.724699221515 0.00283085633404 0.0452937013447 0.181174805379 0.00070771408351
0.0449122807018 0.718596491228 0.0112280701754 0.0449122807018 0.179649122807 0.000701754385965
0.0268343815514 0.429350104822 0.00670859538784 0.107337526205 0.429350104822 0.00041928721174
0.00746181648595 0.477556255101 0.00746181648595 0.0298472659438 0.477556255101 0.000116590882593
0.166666666667 0.166666666667 0.166666666667 0.166666666667 0.166666666667 0.166666666667
0.0555555555556 0.222222222222 0.222222222222 0.222222222222 0.0555555555556 0.222222222222
0.030303030303 0.484848484848 0.121212121212 0.121212121212 0.121212121212 0.121212121212
0.0833333333333 0.333333333333 0.0833333333333 0.0833333333333 0.333333333333 0.0833333333333
0.222222222222 0.222222222222 0.222222222222 0.0555555555556 0.222222222222 0.0555555555556
0.121212121212 0.121212121212 0.121212121212 0.121212121212 0.484848484848 0.030303030303
0.355555555556 0.0888888888889 0.0888888888889 0.0888888888889 0.355555555556 0.0222222222222
0.136752136752 0.136752136752 0.034188034188 0.136752136752 0.547008547009 0.00854700854701
0.0969696969697 0.0969696969697 0.0242424242424 0.387878787879 0.387878787879 0.00606060606061
0.234432234432 0.234432234432 0.0586080586081 0.234432234432 0.234432234432 0.003663003663
0.166666666667 0.166666666667 0.166666666667 0.166666666667 0.166666666667 0.166666666667
0.0666666666667 0.266666666667 0.266666666667 0.266666666667 0.0666666666667 0.0666666666667
0.0333333333333 0.533333333333 0.133333333333 0.133333333333 0.133333333333 0.0333333333333
0.0888888888889 0.355555555556 0.0888888888889 0.0888888888889 0.355555555556 0.0222222222222
0.231884057971 0.231884057971 0.231884057971 0.0579710144928 0.231884057971 0.0144927536232
0.124031007752 0.124031007752 0.124031007752 0.124031007752 0.496124031008 0.0077519379845
0.361581920904 0.090395480226 0.090395480226 0.090395480226 0.361581920904 0.00564971751412
0.137634408602 0.137634408602 0.0344086021505 0.137634408602 0.550537634409 0.00215053763441
0.0974124809741 0.0974124809741 0.0243531202435 0.389649923896 0.389649923896 0.00152207001522
0.23507805326 0.23507805326 0.058769513315 0.23507805326 0.23507805326 0.000918273645546
0.166666666667 0.166666666667 0.166666666667 0.166666666667 0.166666666667 0.166666666667
0.190476190476 0.190476190476 0.190476190476 0.190476190476 0.047619047619 0.190476190476
0.111111111111 0.444444444444 0.111111111111 0.111111111111 0.111111111111 0.111111111111
0.148148148148 0.592592592593 0.037037037037 0.037037037037 0.148148148148 0.037037037037
0.313725490196 0.313725490196 0.0196078431373 0.0196078431373 0.313725490196 0.0196078431373
0.627450980392 0.156862745098 0.00980392156863 0.0392156862745 0.156862745098 0.00980392156863
0.87074829932 0.0544217687075 0.00340136054422 0.0136054421769 0.0544217687075 0.00340136054422
0.636815920398 0.1592039801 0.00248756218905 0.0398009950249 0.1592039801 0.00248756218905
0.636815920398 0.1592039801 0.00248756218905 0.0398009950249 0.1592039801 0.00248756218905
0.396899224806 0.396899224806 0.0015503875969 0.0992248062016 0.0992248062016 0.0062015503876
0.431521281079 0.431521281079 0.000421407501054 0.0269700800674 0.10788032027 0.00168563000421
0.166666666667 0.166666666667 0.166666666667 0.166666666667 0.166666666667 0.166666666667
0.0555555555556 0.222222222222 0.222222222222 0.222222222222 0.0555555555556 0.222222222222
0.030303030303 0.484848484848 0.121212121212 0.121212121212 0.121212121212 0.121212121212
0.0833333333333 0.333333333333 0.0833333333333 0.0833333333333 0.333333333333 0.0833333333333
0.222222222222 0.222222222222 0.222222222222 0.0555555555556 0.222222222222 0.0555555555556
0.121212121212 0.121212121212 0.121212121212 0.121212121212 0.484848484848 0.030303030303
0.355555555556 0.0888888888889 0.0888888888889 0.0888888888889 0.355555555556 0.0222222222222
0.136752136752 0.136752136752 0.034188034188 0.136752136752 0.547008547009 0.00854700854701
0.0969696969697 0.0969696969697 0.0242424242424 0.387878787879 0.387878787879 0.00606060606061
0.234432234432 0.234432234432 0.0586080586081 0.234432234432 0.234432234432 0.003663003663
0.166666666667 0.166666666667 0.166666666667 0.166666666667 0.166666666667 0.166666666667
0.0555555555556 0.222222222222 0.222222222222 0.222222222222 0.0555555555556 0.222222222222
0.030303030303 0.484848484848 0.121212121212 0.121212121212 0.121212121212 0.121212121212
0.0833333333333 0.333333333333 0.0833333333333 0.0833333333333 0.333333333333 0.0833333333333
0.222222222222 0.222222222222 0.222222222222 0.0555555555556 0.222222222222 0.0555555555556
0.121212121212 0.121212121212 0.121212121212 0.121212121212 0.484848484848 0.030303030303
0.355555555556 0.0888888888889 0.0888888888889 0.0888888888889 0.355555555556 0.0222222222222
0.136752136752 0.136752136752 0.034188034188 0.136752136752 0.547008547009 0.00854700854701
0.0969696969697 0.0969696969697 0.0242424242424 0.387878787879 0.387878787879 0.00606060606061
0.234432234432 0.234432234432 0.0586080586081 0.234432234432 0.234432234432 0.003663003663
0.166666666667 0.166666666667 0.166666666667 0.166666666667 0.166666666667 0.166666666667
0.166666666667 0.166666666667 0.166666666667 0.166666666667 0.166666666667 0.166666666667
0.0833333333333 0.333333333333 0.0833333333333 0.0833333333333 0.333333333333 0.0833333333333
0.102564102564 0.410256410256 0.025641025641 0.025641025641 0.410256410256 0.025641025641
0.161616161616 0.161616161616 0.010101010101 0.010101010101 0.646464646465 0.010101010101
0.426666666667 0.106666666667 0.00666666666667 0.0266666666667 0.426666666667 0.00666666666667
0.426666666667 0.106666666667 0.00666666666667 0.0266666666667 0.426666666667 0.00666666666667
0.164102564103 0.164102564103 0.0025641025641 0.0102564102564 0.65641025641 0.0025641025641
0.1592039801 0.1592039801 0.00248756218905 0.0398009950249 0.636815920398 0.00248756218905
0.324461343473 0.324461343473 0.00506970849176 0.020278833967 0.324461343473 0.00126742712294
