Price Resolution OpticalZoom DigitalZoom Weight StorageIncluded
0.166666666667 0.166666666667 0.166666666667 0.166666666667 0.166666666667 0.166666666667
0.0666666666667 0.266666666667 0.266666666667 0.0666666666667 0.0666666666667 0.266666666667
0.121212121212 0.121212121212 0.484848484848 0.030303030303 0.121212121212 0.121212121212
0.0888888888889 0.355555555556 0.355555555556 0.0222222222222 0.0888888888889 0.0888888888889
0.133333333333 0.133333333333 0.533333333333 0.0333333333333 0.133333333333 0.0333333333333
0.296296296296 0.0740740740741 0.296296296296 0.0185185185185 0.296296296296 0.0185185185185
0.418300653595 0.0261437908497 0.104575163399 0.0261437908497 0.418300653595 0.00653594771242
0.420361247947 0.0262725779967 0.105090311987 0.0262725779967 0.420361247947 0.00164203612479
0.420361247947 0.0262725779967 0.105090311987 0.0262725779967 0.420361247947 0.00164203612479
0.301531213192 0.075382803298 0.301531213192 0.0188457008245 0.301531213192 0.00117785630153
0.420879572544 0.026304973284 0.105219893136 0.026304973284 0.420879572544 0.000411015207563
0.301797819039 0.0188623636899 0.301797819039 0.0754494547598 0.301797819039 0.000294724432655
0.429485163049 0.00671070567264 0.107371290762 0.0268428226906 0.429485163049 0.000104854776135
0.166666666667 0.166666666667 0.166666666667 0.166666666667 0.166666666667 0.166666666667
0.0666666666667 0.266666666667 0.266666666667 0.0666666666667 0.0666666666667 0.266666666667
0.121212121212 0.121212121212 0.484848484848 0.030303030303 0.121212121212 0.121212121212
0.0888888888889 0.355555555556 0.355555555556 0.0222222222222 0.0888888888889 0.0888888888889
0.133333333333 0.133333333333 0.533333333333 0.0333333333333 0.133333333333 0.0333333333333
0.296296296296 0.0740740740741 0.296296296296 0.0185185185185 0.296296296296 0.0185185185185
0.418300653595 0.0261437908497 0.104575163399 0.0261437908497 0.418300653595 0.00653594771242
0.420361247947 0.0262725779967 0.105090311987 0.0262725779967 0.420361247947 0.00164203612479
0.420361247947 0.0262725779967 0.105090311987 0.0262725779967 0.420361247947 0.00164203612479
0.301531213192 0.075382803298 0.301531213192 0.0188457008245 0.301531213192 0.00117785630153
0.420879572544 0.026304973284 0.105219893136 0.026304973284 0.420879572544 0.000411015207563
0.301797819039 0.0188623636899 0.301797819039 0.0754494547598 0.301797819039 0.000294724432655
0.429485163049 0.00671070567264 0.107371290762 0.0268428226906 0.429485163049 0.000104854776135
0.166666666667 0.166666666667 0.166666666667 0.166666666667 0.166666666667 0.166666666667
0.0555555555556 0.222222222222 0.222222222222 0.222222222222 0.0555555555556 0.222222222222
0.111111111111 0.111111111111 0.444444444444 0.111111111111 0.111111111111 0.111111111111
0.0833333333333 0.333333333333 0.333333333333 0.0833333333333 0.0833333333333 0.0833333333333
0.121212121212 0.121212121212 0.484848484848 0.121212121212 0.121212121212 0.030303030303
0.280701754386 0.0701754385965 0.280701754386 0.0701754385965 0.280701754386 0.0175438596491
0.387878787879 0.0242424242424 0.0969696969697 0.0969696969697 0.387878787879 0.00606060606061
0.389649923896 0.0243531202435 0.0974124809741 0.0974124809741 0.389649923896 0.00152207001522
0.389649923896 0.0243531202435 0.0974124809741 0.0974124809741 0.389649923896 0.00152207001522
0.285395763657 0.0713489409142 0.285395763657 0.0713489409142 0.285395763657 0.00111482720178
0.390095238095 0.024380952381 0.0975238095238 0.0975238095238 0.390095238095 0.000380952380952
0.179743724767 0.011233982798 0.0449359311919 0.0449359311919 0.71897489907 0.000175530981218
0.0519454167301 0.0129863541825 0.0519454167301 0.0519454167301 0.831126667681 5.07279460255e-05
0.0569387102604 0.00355866939127 0.0142346775651 0.0142346775651 0.911019364166 1.39010523097e-05
0.166666666667 0.166666666667 0.166666666667 0.166666666667 0.166666666667 0.166666666667
0.0555555555556 0.222222222222 0.222222222222 0.222222222222 0.222222222222 0.0555555555556
0.0888888888889 0.355555555556 0.0888888888889 0.0888888888889 0.355555555556 0.0222222222222
0.152380952381 0.152380952381 0.0380952380952 0.0380952380952 0.609523809524 0.00952380952381
0.387878787879 0.0969696969697 0.0242424242424 0.0969696969697 0.387878787879 0.00606060606061
0.234432234432 0.234432234432 0.0586080586081 0.234432234432 0.234432234432 0.003663003663
0.301531213192 0.075382803298 0.0188457008245 0.301531213192 0.301531213192 0.00117785630153
0.429350104822 0.0268343815514 0.00670859538784 0.107337526205 0.429350104822 0.00041928721174
0.390095238095 0.0975238095238 0.024380952381 0.0975238095238 0.390095238095 0.000380952380952
0.429485163049 0.0268428226906 0.00671070567264 0.107371290762 0.429485163049 0.000104854776135
0.397476952935 0.0993692382339 0.00621057738962 0.0993692382339 0.397476952935 9.70402717128e-05
0.1812950914 0.04532377285 0.00283273580312 0.04532377285 0.7251803656 4.42614969238e-05
0.431691829368 0.0269807393355 0.00168629620847 0.107922957342 0.431691829368 2.63483782573e-05
0.752379312324 0.0117559267551 0.000734745422192 0.0470237070203 0.188094828081 1.14803972217e-05
0.166666666667 0.166666666667 0.166666666667 0.166666666667 0.166666666667 0.166666666667
0.0666666666667 0.266666666667 0.266666666667 0.0666666666667 0.0666666666667 0.266666666667
0.121212121212 0.121212121212 0.484848484848 0.030303030303 0.121212121212 0.121212121212
0.0888888888889 0.355555555556 0.355555555556 0.0222222222222 0.0888888888889 0.0888888888889
0.133333333333 0.133333333333 0.533333333333 0.0333333333333 0.133333333333 0.0333333333333
0.296296296296 0.0740740740741 0.296296296296 0.0185185185185 0.296296296296 0.0185185185185
0.418300653595 0.0261437908497 0.104575163399 0.0261437908497 0.418300653595 0.00653594771242
0.420361247947 0.0262725779967 0.105090311987 0.0262725779967 0.420361247947 0.00164203612479
0.420361247947 0.0262725779967 0.105090311987 0.0262725779967 0.420361247947 0.00164203612479
0.301531213192 0.075382803298 0.301531213192 0.0188457008245 0.301531213192 0.00117785630153
0.420879572544 0.026304973284 0.105219893136 0.026304973284 0.420879572544 0.000411015207563
0.301797819039 0.0188623636899 0.301797819039 0.0754494547598 0.301797819039 0.000294724432655
0.429485163049 0.00671070567264 0.107371290762 0.0268428226906 0.429485163049 0.000104854776135
0.166666666667 0.166666666667 0.166666666667 0.166666666667 0.166666666667 0.166666666667
0.166666666667 0.166666666667 0.166666666667 0.166666666667 0.166666666667 0.166666666667
0.0555555555556 0.222222222222 0.222222222222 0.222222222222 0.0555555555556 0.222222222222
0.111111111111 0.111111111111 0.444444444444 0.111111111111 0.111111111111 0.111111111111
0.0833333333333 0.333333333333 0.333333333333 0.0833333333333 0.0833333333333 0.0833333333333
0.121212121212 0.121212121212 0.484848484848 0.121212121212 0.121212121212 0.030303030303
0.280701754386 0.0701754385965 0.280701754386 0.0701754385965 0.280701754386 0.0175438596491
0.387878787879 0.0242424242424 0.0969696969697 0.0969696969697 0.387878787879 0.00606060606061
0.389649923896 0.0243531202435 0.0974124809741 0.0974124809741 0.389649923896 0.00152207001522
0.389649923896 0.0243531202435 0.0974124809741 0.0974124809741 0.389649923896 0.00152207001522
0.285395763657 0.0713489409142 0.285395763657 0.0713489409142 0.285395763657 0.00111482720178
0.390095238095 0.024380952381 0.0975238095238 0.0975238095238 0.390095238095 0.000380952380952
0.179743724767 0.011233982798 0.0449359311919 0.0449359311919 0.71897489907 0.000175530981218
0.0519454167301 0.0129863541825 0.0519454167301 0.0519454167301 0.831126667681 5.07279460255e-05
0.0569387102604 0.00355866939127 0.0142346775651 0.0142346775651 0.911019364166 1.39010523097e-05
0.166666666667 0.166666666667 0.166666666667 0.166666666667 0.166666666667 0.166666666667
0.0666666666667 0.266666666667 0.266666666667 0.0666666666667 0.0666666666667 0.266666666667
0.121212121212 0.121212121212 0.484848484848 0.030303030303 0.121212121212 0.121212121212
0.0888888888889 0.355555555556 0.355555555556 0.0222222222222 0.0888888888889 0.0888888888889
0.133333333333 0.133333333333 0.533333333333 0.0333333333333 0.133333333333 0.0333333333333
0.296296296296 0.0740740740741 0.296296296296 0.0185185185185 0.296296296296 0.0185185185185
0.418300653595 0.0261437908497 0.104575163399 0.0261437908497 0.418300653595 0.00653594771242
0.420361247947 0.0262725779967 0.105090311987 0.0262725779967 0.420361247947 0.00164203612479
0.420361247947 0.0262725779967 0.105090311987 0.0262725779967 0.420361247947 0.00164203612479
0.301531213192 0.075382803298 0.301531213192 0.0188457008245 0.301531213192 0.00117785630153
0.420879572544 0.026304973284 0.105219893136 0.026304973284 0.420879572544 0.000411015207563
0.301797819039 0.0188623636899 0.301797819039 0.0754494547598 0.301797819039 0.000294724432655
0.429485163049 0.00671070567264 0.107371290762 0.0268428226906 0.429485163049 0.000104854776135
0.166666666667 0.166666666667 0.166666666667 0.166666666667 0.166666666667 0.166666666667
0.166666666667 0.166666666667 0.166666666667 0.166666666667 0.166666666667 0.166666666667
0.190476190476 0.190476190476 0.047619047619 0.190476190476 0.190476190476 0.190476190476
0.166666666667 0.166666666667 0.166666666667 0.166666666667 0.166666666667 0.166666666667
0.333333333333 0.0833333333333 0.0833333333333 0.0833333333333 0.333333333333 0.0833333333333
0.222222222222 0.222222222222 0.222222222222 0.0555555555556 0.222222222222 0.0555555555556
0.355555555556 0.0888888888889 0.0888888888889 0.0888888888889 0.355555555556 0.0222222222222
0.152380952381 0.0380952380952 0.0380952380952 0.152380952381 0.609523809524 0.00952380952381
