Price Resolution OpticalZoom DigitalZoom Weight StorageIncluded
0.166666666667 0.166666666667 0.166666666667 0.166666666667 0.166666666667 0.166666666667
0.190476190476 0.190476190476 0.047619047619 0.190476190476 0.190476190476 0.190476190476
0.166666666667 0.166666666667 0.166666666667 0.166666666667 0.166666666667 0.166666666667
0.047619047619 0.190476190476 0.190476190476 0.190476190476 0.190476190476 0.190476190476
0.047619047619 0.190476190476 0.190476190476 0.190476190476 0.190476190476 0.190476190476
0.111111111111 0.111111111111 0.111111111111 0.111111111111 0.444444444444 0.111111111111
0.166666666667 0.166666666667 0.166666666667 0.166666666667 0.166666666667 0.166666666667
0.222222222222 0.222222222222 0.0555555555556 0.222222222222 0.222222222222 0.0555555555556
0.222222222222 0.222222222222 0.0555555555556 0.222222222222 0.222222222222 0.0555555555556
0.133333333333 0.133333333333 0.0333333333333 0.133333333333 0.533333333333 0.0333333333333
0.177777777778 0.0444444444444 0.0111111111111 0.0444444444444 0.711111111111 0.0111111111111
0.193939393939 0.0121212121212 0.0030303030303 0.0121212121212 0.775757575758 0.0030303030303
0.187134502924 0.0116959064327 0.00292397660819 0.046783625731 0.748538011696 0.00292397660819
0.166666666667 0.166666666667 0.166666666667 0.166666666667 0.166666666667 0.166666666667
0.0666666666667 0.266666666667 0.0666666666667 0.266666666667 0.0666666666667 0.266666666667
0.0666666666667 0.266666666667 0.0666666666667 0.266666666667 0.0666666666667 0.266666666667
0.190476190476 0.190476190476 0.047619047619 0.190476190476 0.190476190476 0.190476190476
0.166666666667 0.166666666667 0.166666666667 0.166666666667 0.166666666667 0.166666666667
0.190476190476 0.190476190476 0.047619047619 0.190476190476 0.190476190476 0.190476190476
0.190476190476 0.190476190476 0.047619047619 0.190476190476 0.190476190476 0.190476190476
0.355555555556 0.0888888888889 0.0222222222222 0.0888888888889 0.355555555556 0.0888888888889
