Price Resolution OpticalZoom DigitalZoom Weight StorageIncluded
0.166666666667 0.166666666667 0.166666666667 0.166666666667 0.166666666667 0.166666666667
0.222222222222 0.0555555555556 0.222222222222 0.222222222222 0.0555555555556 0.222222222222
0.484848484848 0.030303030303 0.121212121212 0.121212121212 0.121212121212 0.121212121212
0.355555555556 0.0222222222222 0.0888888888889 0.0888888888889 0.355555555556 0.0888888888889
0.166666666667 0.0416666666667 0.0416666666667 0.0416666666667 0.666666666667 0.0416666666667
0.410256410256 0.102564102564 0.025641025641 0.025641025641 0.410256410256 0.025641025641
0.735632183908 0.0459770114943 0.0114942528736 0.0114942528736 0.183908045977 0.0114942528736
0.917562724014 0.0143369175627 0.00358422939068 0.00358422939068 0.0573476702509 0.00358422939068
0.748538011696 0.046783625731 0.00292397660819 0.0116959064327 0.187134502924 0.00292397660819
0.922522522523 0.0144144144144 0.000900900900901 0.0036036036036 0.0576576576577 0.000900900900901
0.756836659276 0.0473022912047 0.000739098300074 0.0029563932003 0.189209164819 0.0029563932003
0.756836659276 0.0473022912047 0.000739098300074 0.0029563932003 0.189209164819 0.0029563932003
0.438168592212 0.109542148053 0.000427899015832 0.00684638425332 0.438168592212 0.00684638425332
0.189314106119 0.0473285265299 0.000184877056757 0.00295803290812 0.757256424478 0.00295803290812
0.4405722276 0.1101430569 0.000107561579004 0.00688394105625 0.4405722276 0.00172098526406
0.480962865111 0.0300601790694 2.93556436225e-05 0.00751504476736 0.480962865111 0.00046969029796
0.432238490964 0.108059622741 2.63817438333e-05 0.0270149056853 0.432238490964 0.000422107901332
0.752768205835 0.0470480128647 4.59453250632e-05 0.0117620032162 0.188192051459 0.000183781300253
0.885753287651 0.0553595804782 1.35155225777e-05 0.00345997377989 0.0553595804782 5.40620903107e-05
0.759494257669 0.0474683911043 1.1588962672e-05 0.00296677444402 0.189873564417 0.000185423402751
0.483871205913 0.0302419503695 7.38328866444e-06 0.0018901218981 0.483871205913 0.000118132618631
0.483873885348 0.0302421178342 1.84583238734e-06 0.00189013236464 0.483873885348 0.00011813327279
0.166666666667 0.166666666667 0.166666666667 0.166666666667 0.166666666667 0.166666666667
0.166666666667 0.166666666667 0.166666666667 0.166666666667 0.166666666667 0.166666666667
0.166666666667 0.166666666667 0.166666666667 0.166666666667 0.166666666667 0.166666666667
0.0555555555556 0.222222222222 0.0555555555556 0.222222222222 0.222222222222 0.222222222222
0.0555555555556 0.222222222222 0.0555555555556 0.222222222222 0.222222222222 0.222222222222
0.121212121212 0.121212121212 0.030303030303 0.121212121212 0.484848484848 0.121212121212
0.0430107526882 0.0430107526882 0.010752688172 0.172043010753 0.688172043011 0.0430107526882
0.152380952381 0.0380952380952 0.00952380952381 0.152380952381 0.609523809524 0.0380952380952
0.0517799352751 0.0129449838188 0.00323624595469 0.0517799352751 0.828478964401 0.0517799352751
0.0146923783287 0.0146923783287 0.000918273645546 0.0146923783287 0.940312213039 0.0146923783287
0.0540084388186 0.0540084388186 0.00084388185654 0.0135021097046 0.864135021097 0.0135021097046
0.0540084388186 0.0540084388186 0.00084388185654 0.0135021097046 0.864135021097 0.0135021097046
0.179649122807 0.0449122807018 0.000701754385965 0.0112280701754 0.718596491228 0.0449122807018
0.466940264478 0.0291837665299 0.000455996352029 0.00729594163247 0.466940264478 0.0291837665299
0.466940264478 0.0291837665299 0.000455996352029 0.00729594163247 0.466940264478 0.0291837665299
0.179743724767 0.0449359311919 0.000175530981218 0.011233982798 0.71897489907 0.0449359311919
0.19276201233 0.0120476257706 4.70610381665e-05 0.0120476257706 0.77104804932 0.0120476257706
0.166666666667 0.166666666667 0.166666666667 0.166666666667 0.166666666667 0.166666666667
0.190476190476 0.190476190476 0.047619047619 0.190476190476 0.190476190476 0.190476190476
0.190476190476 0.190476190476 0.047619047619 0.190476190476 0.190476190476 0.190476190476
0.355555555556 0.0888888888889 0.0222222222222 0.0888888888889 0.355555555556 0.0888888888889
0.688172043011 0.0430107526882 0.010752688172 0.0430107526882 0.172043010753 0.0430107526882
0.688172043011 0.0430107526882 0.010752688172 0.0430107526882 0.172043010753 0.0430107526882
0.742028985507 0.0115942028986 0.00289855072464 0.0115942028986 0.185507246377 0.0463768115942
0.45632798574 0.0285204991087 0.0017825311943 0.0285204991087 0.45632798574 0.0285204991087
0.389649923896 0.0974124809741 0.00152207001522 0.0974124809741 0.389649923896 0.0243531202435
0.285395763657 0.285395763657 0.00111482720178 0.0713489409142 0.285395763657 0.0713489409142
0.420361247947 0.105090311987 0.00164203612479 0.0262725779967 0.420361247947 0.0262725779967
0.477389277389 0.0298368298368 0.0004662004662 0.00745920745921 0.477389277389 0.00745920745921
0.189314106119 0.0473285265299 0.000184877056757 0.00295803290812 0.757256424478 0.00295803290812
0.442858687426 0.110714671856 0.000108119796735 0.00172991674776 0.442858687426 0.00172991674776
0.760737335748 0.0475460834842 4.64317221526e-05 0.000742907554441 0.190184333937 0.000742907554441
0.92710322681 0.0144859879189 1.41464725771e-05 0.000226343561233 0.0579439516756 0.000226343561233
0.761187962414 0.0475742476509 1.16148065554e-05 0.000743347619545 0.190296990604 0.000185836904886
0.760763828429 0.0475477392768 1.16083347844e-05 0.0007429334262 0.190190957107 0.0007429334262
0.927113063345 0.0144861416148 3.53665566767e-06 0.000226345962731 0.0579445664591 0.000226345962731
0.789359735258 0.0123337458634 3.01116842368e-06 0.000770859116463 0.197339933815 0.000192714779116
0.166666666667 0.166666666667 0.166666666667 0.166666666667 0.166666666667 0.166666666667
0.0666666666667 0.266666666667 0.266666666667 0.0666666666667 0.0666666666667 0.266666666667
0.121212121212 0.121212121212 0.484848484848 0.030303030303 0.121212121212 0.121212121212
0.280701754386 0.0701754385965 0.280701754386 0.0175438596491 0.280701754386 0.0701754385965
0.609523809524 0.0380952380952 0.152380952381 0.00952380952381 0.152380952381 0.0380952380952
0.533333333333 0.133333333333 0.133333333333 0.0333333333333 0.133333333333 0.0333333333333
0.688172043011 0.0430107526882 0.0430107526882 0.010752688172 0.172043010753 0.0430107526882
0.45390070922 0.0283687943262 0.0283687943262 0.00709219858156 0.45390070922 0.0283687943262
0.487619047619 0.00761904761905 0.00761904761905 0.00190476190476 0.487619047619 0.00761904761905
0.166666666667 0.166666666667 0.166666666667 0.166666666667 0.166666666667 0.166666666667
0.0666666666667 0.0666666666667 0.266666666667 0.266666666667 0.0666666666667 0.266666666667
0.190476190476 0.047619047619 0.190476190476 0.190476190476 0.190476190476 0.190476190476
0.121212121212 0.030303030303 0.121212121212 0.121212121212 0.484848484848 0.121212121212
0.047619047619 0.047619047619 0.047619047619 0.047619047619 0.761904761905 0.047619047619
0.166666666667 0.0416666666667 0.0416666666667 0.0416666666667 0.666666666667 0.0416666666667
0.183908045977 0.0114942528736 0.0114942528736 0.0114942528736 0.735632183908 0.0459770114943
0.166666666667 0.0416666666667 0.0416666666667 0.0416666666667 0.666666666667 0.0416666666667
0.0512820512821 0.0512820512821 0.0128205128205 0.0512820512821 0.820512820513 0.0128205128205
0.0522875816993 0.0522875816993 0.00326797385621 0.0522875816993 0.83660130719 0.00326797385621
0.180790960452 0.045197740113 0.00282485875706 0.045197740113 0.723163841808 0.00282485875706
0.166666666667 0.166666666667 0.166666666667 0.166666666667 0.166666666667 0.166666666667
0.0666666666667 0.0666666666667 0.266666666667 0.266666666667 0.0666666666667 0.266666666667
0.190476190476 0.047619047619 0.190476190476 0.190476190476 0.190476190476 0.190476190476
0.121212121212 0.030303030303 0.121212121212 0.121212121212 0.484848484848 0.121212121212
0.047619047619 0.047619047619 0.047619047619 0.047619047619 0.761904761905 0.047619047619
0.166666666667 0.0416666666667 0.0416666666667 0.0416666666667 0.666666666667 0.0416666666667
0.183908045977 0.0114942528736 0.0114942528736 0.0114942528736 0.735632183908 0.0459770114943
0.166666666667 0.0416666666667 0.0416666666667 0.0416666666667 0.666666666667 0.0416666666667
0.0512820512821 0.0512820512821 0.0128205128205 0.0512820512821 0.820512820513 0.0128205128205
0.0522875816993 0.0522875816993 0.00326797385621 0.0522875816993 0.83660130719 0.00326797385621
0.180790960452 0.045197740113 0.00282485875706 0.045197740113 0.723163841808 0.00282485875706
0.166666666667 0.166666666667 0.166666666667 0.166666666667 0.166666666667 0.166666666667
0.222222222222 0.222222222222 0.0555555555556 0.222222222222 0.222222222222 0.0555555555556
0.533333333333 0.133333333333 0.0333333333333 0.133333333333 0.133333333333 0.0333333333333
0.380952380952 0.0952380952381 0.0238095238095 0.0952380952381 0.380952380952 0.0238095238095
0.380952380952 0.0952380952381 0.0238095238095 0.0952380952381 0.380952380952 0.0238095238095
0.380952380952 0.0952380952381 0.0238095238095 0.0952380952381 0.380952380952 0.0238095238095
0.387878787879 0.0969696969697 0.00606060606061 0.0969696969697 0.387878787879 0.0242424242424
0.426666666667 0.0266666666667 0.00666666666667 0.106666666667 0.426666666667 0.00666666666667
0.395061728395 0.0987654320988 0.00617283950617 0.0987654320988 0.395061728395 0.00617283950617
0.430976430976 0.026936026936 0.0016835016835 0.107744107744 0.430976430976 0.0016835016835
0.166666666667 0.166666666667 0.166666666667 0.166666666667 0.166666666667 0.166666666667
0.190476190476 0.190476190476 0.047619047619 0.190476190476 0.190476190476 0.190476190476
0.190476190476 0.190476190476 0.047619047619 0.190476190476 0.190476190476 0.190476190476
0.355555555556 0.0888888888889 0.0222222222222 0.0888888888889 0.355555555556 0.0888888888889
0.688172043011 0.0430107526882 0.010752688172 0.0430107526882 0.172043010753 0.0430107526882
0.688172043011 0.0430107526882 0.010752688172 0.0430107526882 0.172043010753 0.0430107526882
0.693766937669 0.0433604336043 0.00271002710027 0.0433604336043 0.173441734417 0.0433604336043
0.45632798574 0.0285204991087 0.0017825311943 0.0285204991087 0.45632798574 0.0285204991087
0.387878787879 0.0969696969697 0.00606060606061 0.0969696969697 0.387878787879 0.0242424242424
0.245210727969 0.245210727969 0.00383141762452 0.245210727969 0.245210727969 0.0153256704981
0.0992248062016 0.0992248062016 0.0015503875969 0.396899224806 0.396899224806 0.0062015503876
0.159501557632 0.0398753894081 0.000623052959502 0.159501557632 0.63800623053 0.00249221183801
0.431521281079 0.0269700800674 0.000421407501054 0.10788032027 0.431521281079 0.00168563000421
0.431521281079 0.0269700800674 0.000421407501054 0.10788032027 0.431521281079 0.00168563000421
