Price Resolution OpticalZoom DigitalZoom Weight StorageIncluded
0.166666666667 0.166666666667 0.166666666667 0.166666666667 0.166666666667 0.166666666667
0.222222222222 0.0555555555556 0.222222222222 0.222222222222 0.0555555555556 0.222222222222
0.444444444444 0.111111111111 0.111111111111 0.111111111111 0.111111111111 0.111111111111
0.761904761905 0.047619047619 0.047619047619 0.047619047619 0.047619047619 0.047619047619
0.927536231884 0.0144927536232 0.0144927536232 0.0144927536232 0.0144927536232 0.0144927536232
0.853333333333 0.0533333333333 0.0133333333333 0.0133333333333 0.0533333333333 0.0133333333333
0.688172043011 0.172043010753 0.0430107526882 0.0430107526882 0.0430107526882 0.010752688172
0.898245614035 0.0561403508772 0.0140350877193 0.0140350877193 0.0140350877193 0.00350877192982
0.166666666667 0.166666666667 0.166666666667 0.166666666667 0.166666666667 0.166666666667
0.222222222222 0.0555555555556 0.222222222222 0.222222222222 0.0555555555556 0.222222222222
0.444444444444 0.111111111111 0.111111111111 0.111111111111 0.111111111111 0.111111111111
0.761904761905 0.047619047619 0.047619047619 0.047619047619 0.047619047619 0.047619047619
0.927536231884 0.0144927536232 0.0144927536232 0.0144927536232 0.0144927536232 0.0144927536232
0.853333333333 0.0533333333333 0.0133333333333 0.0133333333333 0.0533333333333 0.0133333333333
0.688172043011 0.172043010753 0.0430107526882 0.0430107526882 0.0430107526882 0.010752688172
0.166666666667 0.166666666667 0.166666666667 0.166666666667 0.166666666667 0.166666666667
0.0666666666667 0.266666666667 0.266666666667 0.266666666667 0.0666666666667 0.0666666666667
0.190476190476 0.190476190476 0.190476190476 0.190476190476 0.190476190476 0.047619047619
0.280701754386 0.0701754385965 0.0701754385965 0.280701754386 0.280701754386 0.0175438596491
0.136752136752 0.034188034188 0.136752136752 0.547008547009 0.136752136752 0.00854700854701
0.0888888888889 0.0888888888889 0.355555555556 0.355555555556 0.0888888888889 0.0222222222222
0.231884057971 0.0579710144928 0.231884057971 0.231884057971 0.231884057971 0.0144927536232
0.124031007752 0.124031007752 0.124031007752 0.124031007752 0.496124031008 0.0077519379845
0.0711111111111 0.284444444444 0.0711111111111 0.284444444444 0.284444444444 0.00444444444444
0.234432234432 0.234432234432 0.0586080586081 0.234432234432 0.234432234432 0.003663003663
0.389649923896 0.0974124809741 0.0243531202435 0.389649923896 0.0974124809741 0.00152207001522
0.301531213192 0.301531213192 0.0188457008245 0.301531213192 0.075382803298 0.00117785630153
0.153753753754 0.153753753754 0.0384384384384 0.615015015015 0.0384384384384 0.000600600600601
0.166666666667 0.166666666667 0.166666666667 0.166666666667 0.166666666667 0.166666666667
0.0833333333333 0.0833333333333 0.333333333333 0.333333333333 0.0833333333333 0.0833333333333
0.222222222222 0.0555555555556 0.222222222222 0.222222222222 0.222222222222 0.0555555555556
0.380952380952 0.0238095238095 0.0952380952381 0.0952380952381 0.380952380952 0.0238095238095
0.627450980392 0.00980392156863 0.0392156862745 0.156862745098 0.156862745098 0.00980392156863
0.609523809524 0.0380952380952 0.0380952380952 0.152380952381 0.152380952381 0.00952380952381
0.166666666667 0.166666666667 0.166666666667 0.166666666667 0.166666666667 0.166666666667
0.0666666666667 0.266666666667 0.266666666667 0.266666666667 0.0666666666667 0.0666666666667
0.190476190476 0.190476190476 0.190476190476 0.190476190476 0.190476190476 0.047619047619
0.355555555556 0.0888888888889 0.0888888888889 0.0888888888889 0.355555555556 0.0222222222222
0.609523809524 0.0380952380952 0.0380952380952 0.152380952381 0.152380952381 0.00952380952381
0.547008547009 0.136752136752 0.034188034188 0.136752136752 0.136752136752 0.00854700854701
