Price Resolution OpticalZoom DigitalZoom Weight StorageIncluded
0.166666666667 0.166666666667 0.166666666667 0.166666666667 0.166666666667 0.166666666667
0.0666666666667 0.266666666667 0.266666666667 0.266666666667 0.0666666666667 0.0666666666667
0.0333333333333 0.533333333333 0.133333333333 0.133333333333 0.133333333333 0.0333333333333
0.121212121212 0.484848484848 0.121212121212 0.121212121212 0.121212121212 0.030303030303
0.0701754385965 0.280701754386 0.280701754386 0.280701754386 0.0701754385965 0.0175438596491
0.197530864198 0.197530864198 0.197530864198 0.197530864198 0.197530864198 0.0123456790123
0.496124031008 0.124031007752 0.124031007752 0.124031007752 0.124031007752 0.0077519379845
0.234432234432 0.234432234432 0.0586080586081 0.234432234432 0.234432234432 0.003663003663
0.137634408602 0.137634408602 0.0344086021505 0.550537634409 0.137634408602 0.00215053763441
0.389649923896 0.0974124809741 0.0243531202435 0.389649923896 0.0974124809741 0.00152207001522
0.141280353201 0.141280353201 0.00883002207506 0.565121412804 0.141280353201 0.00220750551876
0.045197740113 0.180790960452 0.00282485875706 0.723163841808 0.045197740113 0.00282485875706
0.045197740113 0.180790960452 0.00282485875706 0.723163841808 0.045197740113 0.00282485875706
0.166666666667 0.166666666667 0.166666666667 0.166666666667 0.166666666667 0.166666666667
0.166666666667 0.166666666667 0.166666666667 0.166666666667 0.166666666667 0.166666666667
0.0666666666667 0.266666666667 0.0666666666667 0.266666666667 0.0666666666667 0.266666666667
0.0666666666667 0.266666666667 0.0666666666667 0.266666666667 0.0666666666667 0.266666666667
0.0666666666667 0.266666666667 0.0666666666667 0.266666666667 0.0666666666667 0.266666666667
0.166666666667 0.166666666667 0.166666666667 0.166666666667 0.166666666667 0.166666666667
0.166666666667 0.166666666667 0.166666666667 0.166666666667 0.166666666667 0.166666666667
0.0555555555556 0.222222222222 0.0555555555556 0.222222222222 0.222222222222 0.222222222222
0.0555555555556 0.222222222222 0.0555555555556 0.222222222222 0.222222222222 0.222222222222
0.0555555555556 0.222222222222 0.0555555555556 0.222222222222 0.222222222222 0.222222222222
