Price Resolution OpticalZoom DigitalZoom Weight StorageIncluded
0.166666666667 0.166666666667 0.166666666667 0.166666666667 0.166666666667 0.166666666667
0.0333333333333 0.233333333333 0.0333333333333 0.233333333333 0.233333333333 0.233333333333
0.0333333333333 0.233333333333 0.0333333333333 0.233333333333 0.233333333333 0.233333333333
0.0333333333333 0.233333333333 0.0333333333333 0.233333333333 0.233333333333 0.233333333333
0.258333333333 0.0583333333333 0.00833333333333 0.308333333333 0.308333333333 0.0583333333333
0.629166666667 0.0291666666667 0.00416666666667 0.154166666667 0.154166666667 0.0291666666667
0.166666666667 0.166666666667 0.166666666667 0.166666666667 0.166666666667 0.166666666667
0.0333333333333 0.233333333333 0.0333333333333 0.233333333333 0.233333333333 0.233333333333
0.0333333333333 0.233333333333 0.0333333333333 0.233333333333 0.233333333333 0.233333333333
0.0333333333333 0.233333333333 0.0333333333333 0.233333333333 0.233333333333 0.233333333333
0.258333333333 0.0583333333333 0.00833333333333 0.308333333333 0.308333333333 0.0583333333333
0.629166666667 0.0291666666667 0.00416666666667 0.154166666667 0.154166666667 0.0291666666667
0.166666666667 0.166666666667 0.166666666667 0.166666666667 0.166666666667 0.166666666667
0.0416666666667 0.291666666667 0.0416666666667 0.291666666667 0.0416666666667 0.291666666667
0.0416666666667 0.291666666667 0.0416666666667 0.291666666667 0.0416666666667 0.291666666667
0.0416666666667 0.291666666667 0.0416666666667 0.291666666667 0.0416666666667 0.291666666667
0.347222222222 0.430555555556 0.0138888888889 0.0972222222222 0.0138888888889 0.0972222222222
0.336805555556 0.107638888889 0.00347222222222 0.274305555556 0.253472222222 0.0243055555556
0.166666666667 0.166666666667 0.166666666667 0.166666666667 0.166666666667 0.166666666667
0.0416666666667 0.291666666667 0.0416666666667 0.291666666667 0.0416666666667 0.291666666667
0.0416666666667 0.291666666667 0.0416666666667 0.291666666667 0.0416666666667 0.291666666667
0.0416666666667 0.291666666667 0.0416666666667 0.291666666667 0.0416666666667 0.291666666667
0.347222222222 0.430555555556 0.0138888888889 0.0972222222222 0.0138888888889 0.0972222222222
0.336805555556 0.107638888889 0.00347222222222 0.274305555556 0.253472222222 0.0243055555556
0.166666666667 0.166666666667 0.166666666667 0.166666666667 0.166666666667 0.166666666667
0.194444444444 0.194444444444 0.0277777777778 0.194444444444 0.194444444444 0.194444444444
0.194444444444 0.194444444444 0.0277777777778 0.194444444444 0.194444444444 0.194444444444
0.398148148148 0.0648148148148 0.00925925925926 0.0648148148148 0.398148148148 0.0648148148148
0.398148148148 0.0648148148148 0.00925925925926 0.0648148148148 0.398148148148 0.0648148148148
0.132716049383 0.354938271605 0.00308641975309 0.354938271605 0.132716049383 0.0216049382716
