Price Resolution OpticalZoom DigitalZoom Weight StorageIncluded
0.166666666667 0.166666666667 0.166666666667 0.166666666667 0.166666666667 0.166666666667
0.0416666666667 0.291666666667 0.0416666666667 0.291666666667 0.0416666666667 0.291666666667
0.0416666666667 0.291666666667 0.0416666666667 0.291666666667 0.0416666666667 0.291666666667
0.260416666667 0.0729166666667 0.0104166666667 0.322916666667 0.260416666667 0.0729166666667
0.260416666667 0.0729166666667 0.0104166666667 0.322916666667 0.260416666667 0.0729166666667
0.252083333333 0.214583333333 0.202083333333 0.0645833333333 0.0520833333333 0.214583333333
0.0840277777778 0.404861111111 0.0673611111111 0.354861111111 0.0173611111111 0.0715277777778
0.542013888889 0.202430555556 0.0336805555556 0.177430555556 0.00868055555556 0.0357638888889
0.257002314815 0.200405092593 0.00561342592593 0.196238425926 0.168113425926 0.172627314815
0.128501157407 0.600202546296 0.00280671296296 0.098119212963 0.084056712963 0.0863136574074
0.188083526235 0.266700424383 0.000467785493827 0.183019868827 0.180676118827 0.181052276235
0.594041763117 0.133350212191 0.000233892746914 0.0915099344136 0.0903380594136 0.0905261381173
0.297020881559 0.0666751060957 0.500116946373 0.0457549672068 0.0451690297068 0.0452630690586
0.0990069605195 0.355558368699 0.166705648791 0.0152516557356 0.0150563432356 0.34842102302
0.27475174013 0.0888895921746 0.0416764121978 0.253812913934 0.253764085809 0.0871052557549
0.137375870065 0.0444447960873 0.0208382060989 0.126906456967 0.626882042904 0.0435526278774
0.027475174013 0.208888959217 0.00416764121978 0.225381291393 0.325376408581 0.208710525575
0.0137375870065 0.104444479609 0.00208382060989 0.112690645697 0.16268820429 0.604355262788
0.337912529002 0.0348148265362 0.000694606869963 0.0375635485656 0.387562734763 0.201451754263
0.445970843001 0.0116049421787 0.000231535623321 0.345854516189 0.129187578254 0.0671505847542
0.2229854215 0.505802471089 0.000115767811661 0.172927258094 0.0645937891272 0.0335752923771
0.0557463553751 0.376450617772 2.89419529151e-05 0.293231814524 0.266148447282 0.00839382309427
0.0278731776875 0.188225308886 1.44709764576e-05 0.146615907262 0.133074223641 0.504196911547
0.00557463553751 0.237645061777 2.89419529151e-06 0.229323181452 0.226614844728 0.300839382309
0.00278731776875 0.618822530889 1.44709764576e-06 0.114661590726 0.113307422364 0.150419691155
0.250696829442 0.154705632722 3.61774411439e-07 0.278665397682 0.278326855591 0.0376049227887
0.625348414721 0.0773528163611 1.8088720572e-07 0.139332698841 0.139163427796 0.0188024613943
0.541782804907 0.0257842721204 6.02957352399e-08 0.37977756628 0.0463878092652 0.00626748713145
0.108356560981 0.205156854424 1.2059147048e-08 0.275955513256 0.209277561853 0.201253497426
0.108356560981 0.205156854424 1.2059147048e-08 0.275955513256 0.209277561853 0.201253497426
0.0541782804907 0.102578427212 6.02957352399e-09 0.137977756628 0.604638780927 0.100626748713
0.0135445701227 0.275644606803 0.250000001507 0.284494439157 0.151159695232 0.0251566871783
0.00677228506134 0.637822303402 0.125000000754 0.142247219579 0.0755798476158 0.0125783435891
0.00338614253067 0.318911151701 0.0625000003768 0.0711236097893 0.537789923808 0.00628917179457
0.166666666667 0.166666666667 0.166666666667 0.166666666667 0.166666666667 0.166666666667
0.0333333333333 0.233333333333 0.233333333333 0.233333333333 0.0333333333333 0.233333333333
0.0333333333333 0.233333333333 0.233333333333 0.233333333333 0.0333333333333 0.233333333333
0.206666666667 0.0466666666667 0.246666666667 0.246666666667 0.206666666667 0.0466666666667
0.603333333333 0.0233333333333 0.123333333333 0.123333333333 0.103333333333 0.0233333333333
0.201111111111 0.341111111111 0.0411111111111 0.374444444444 0.0344444444444 0.00777777777778
0.067037037037 0.113703703704 0.347037037037 0.124814814815 0.0114814814815 0.335925925926
0.166666666667 0.166666666667 0.166666666667 0.166666666667 0.166666666667 0.166666666667
0.0416666666667 0.291666666667 0.0416666666667 0.291666666667 0.0416666666667 0.291666666667
0.0416666666667 0.291666666667 0.0416666666667 0.291666666667 0.0416666666667 0.291666666667
0.260416666667 0.0729166666667 0.0104166666667 0.322916666667 0.260416666667 0.0729166666667
0.260416666667 0.0729166666667 0.0104166666667 0.322916666667 0.260416666667 0.0729166666667
0.252083333333 0.214583333333 0.202083333333 0.0645833333333 0.0520833333333 0.214583333333
0.0840277777778 0.404861111111 0.0673611111111 0.354861111111 0.0173611111111 0.0715277777778
0.542013888889 0.202430555556 0.0336805555556 0.177430555556 0.00868055555556 0.0357638888889
0.257002314815 0.200405092593 0.00561342592593 0.196238425926 0.168113425926 0.172627314815
0.128501157407 0.600202546296 0.00280671296296 0.098119212963 0.084056712963 0.0863136574074
0.188083526235 0.266700424383 0.000467785493827 0.183019868827 0.180676118827 0.181052276235
0.594041763117 0.133350212191 0.000233892746914 0.0915099344136 0.0903380594136 0.0905261381173
0.297020881559 0.0666751060957 0.500116946373 0.0457549672068 0.0451690297068 0.0452630690586
0.0990069605195 0.355558368699 0.166705648791 0.0152516557356 0.0150563432356 0.34842102302
0.27475174013 0.0888895921746 0.0416764121978 0.253812913934 0.253764085809 0.0871052557549
0.137375870065 0.0444447960873 0.0208382060989 0.126906456967 0.626882042904 0.0435526278774
0.027475174013 0.208888959217 0.00416764121978 0.225381291393 0.325376408581 0.208710525575
0.0137375870065 0.104444479609 0.00208382060989 0.112690645697 0.16268820429 0.604355262788
0.337912529002 0.0348148265362 0.000694606869963 0.0375635485656 0.387562734763 0.201451754263
0.445970843001 0.0116049421787 0.000231535623321 0.345854516189 0.129187578254 0.0671505847542
0.2229854215 0.505802471089 0.000115767811661 0.172927258094 0.0645937891272 0.0335752923771
0.0557463553751 0.376450617772 2.89419529151e-05 0.293231814524 0.266148447282 0.00839382309427
0.0278731776875 0.188225308886 1.44709764576e-05 0.146615907262 0.133074223641 0.504196911547
0.00557463553751 0.237645061777 2.89419529151e-06 0.229323181452 0.226614844728 0.300839382309
0.00278731776875 0.618822530889 1.44709764576e-06 0.114661590726 0.113307422364 0.150419691155
0.250696829442 0.154705632722 3.61774411439e-07 0.278665397682 0.278326855591 0.0376049227887
0.625348414721 0.0773528163611 1.8088720572e-07 0.139332698841 0.139163427796 0.0188024613943
0.541782804907 0.0257842721204 6.02957352399e-08 0.37977756628 0.0463878092652 0.00626748713145
0.108356560981 0.205156854424 1.2059147048e-08 0.275955513256 0.209277561853 0.201253497426
0.108356560981 0.205156854424 1.2059147048e-08 0.275955513256 0.209277561853 0.201253497426
0.0541782804907 0.102578427212 6.02957352399e-09 0.137977756628 0.604638780927 0.100626748713
0.0135445701227 0.275644606803 0.250000001507 0.284494439157 0.151159695232 0.0251566871783
0.00677228506134 0.637822303402 0.125000000754 0.142247219579 0.0755798476158 0.0125783435891
0.00338614253067 0.318911151701 0.0625000003768 0.0711236097893 0.537789923808 0.00628917179457
0.166666666667 0.166666666667 0.166666666667 0.166666666667 0.166666666667 0.166666666667
0.0416666666667 0.291666666667 0.0416666666667 0.291666666667 0.0416666666667 0.291666666667
0.0416666666667 0.291666666667 0.0416666666667 0.291666666667 0.0416666666667 0.291666666667
0.0208333333333 0.145833333333 0.520833333333 0.145833333333 0.0208333333333 0.145833333333
0.340277777778 0.0486111111111 0.173611111111 0.0486111111111 0.340277777778 0.0486111111111
0.268055555556 0.209722222222 0.0347222222222 0.209722222222 0.268055555556 0.00972222222222
0.134027777778 0.604861111111 0.0173611111111 0.104861111111 0.134027777778 0.00486111111111
0.18900462963 0.267476851852 0.00289351851852 0.184143518519 0.18900462963 0.167476851852
0.18900462963 0.267476851852 0.00289351851852 0.184143518519 0.18900462963 0.167476851852
0.18900462963 0.267476851852 0.00289351851852 0.184143518519 0.18900462963 0.167476851852
0.297251157407 0.066869212963 0.00072337962963 0.29603587963 0.297251157407 0.041869212963
0.0990837191358 0.355623070988 0.00024112654321 0.432011959877 0.0990837191358 0.013956404321
0.0495418595679 0.177811535494 0.500120563272 0.216005979938 0.0495418595679 0.00697820216049
0.349847286523 0.0592705118313 0.166706854424 0.0720019933128 0.349847286523 0.00232606738683
0.449949095508 0.0197568372771 0.388902284808 0.0240006644376 0.116615762174 0.00077535579561
0.224974547754 0.00987841863855 0.194451142404 0.512000332219 0.0583078810871 0.000387677897805
0.0749915159179 0.336626139546 0.064817047468 0.170666777406 0.352769293696 0.000129225965935
0.0249971719726 0.445542046515 0.0216056824893 0.0568889258021 0.117589764565 0.333376408655
0.512498585986 0.222771023258 0.0108028412447 0.028444462901 0.0587948822826 0.166688204328
0.102499717197 0.244554204652 0.00216056824893 0.20568889258 0.211758976457 0.233337640866
0.0512498585986 0.122277102326 0.00108028412447 0.10284444629 0.605879488228 0.116668820433
0.21024997172 0.224455420465 0.000216056824893 0.220568889258 0.321175897646 0.0233337640866
0.60512498586 0.112227710233 0.000108028412447 0.110284444629 0.160587948823 0.0116668820433
0.535041661953 0.0374092367442 3.60094708156e-05 0.370094814876 0.0535293162743 0.00388896068109
0.107008332391 0.207481847349 7.20189416311e-06 0.274018962975 0.210705863255 0.200777792136
0.107008332391 0.207481847349 7.20189416311e-06 0.274018962975 0.210705863255 0.200777792136
0.0535041661953 0.103740923674 3.60094708156e-06 0.137009481488 0.605352931627 0.100388896068
0.0267520830977 0.551870461837 1.80047354078e-06 0.0685047407438 0.302676465814 0.0501944480341
0.00535041661953 0.310374092367 0.200000360095 0.213700948149 0.0605352931627 0.210038889607
0.201070083324 0.0620748184735 0.240000072019 0.24274018963 0.212107058633 0.0420077779214
0.600535041662 0.0310374092367 0.120000036009 0.121370094815 0.106053529316 0.0210038889607
0.400133760415 0.257759352309 0.0300000090024 0.280342523704 0.0265133823291 0.00525097224017
0.166666666667 0.166666666667 0.166666666667 0.166666666667 0.166666666667 0.166666666667
