Price Resolution OpticalZoom DigitalZoom Weight StorageIncluded
0.166666666667 0.166666666667 0.166666666667 0.166666666667 0.166666666667 0.166666666667
0.0555555555556 0.222222222222 0.222222222222 0.222222222222 0.0555555555556 0.222222222222
0.0555555555556 0.222222222222 0.222222222222 0.222222222222 0.0555555555556 0.222222222222
0.166666666667 0.166666666667 0.166666666667 0.166666666667 0.166666666667 0.166666666667
0.266666666667 0.0666666666667 0.0666666666667 0.266666666667 0.266666666667 0.0666666666667
0.190476190476 0.190476190476 0.047619047619 0.190476190476 0.190476190476 0.190476190476
0.190476190476 0.190476190476 0.047619047619 0.190476190476 0.190476190476 0.190476190476
0.333333333333 0.0833333333333 0.0833333333333 0.0833333333333 0.0833333333333 0.333333333333
0.333333333333 0.0833333333333 0.0833333333333 0.0833333333333 0.0833333333333 0.333333333333
0.355555555556 0.0888888888889 0.0222222222222 0.0888888888889 0.0888888888889 0.355555555556
0.355555555556 0.0888888888889 0.0222222222222 0.0888888888889 0.0888888888889 0.355555555556
0.166666666667 0.166666666667 0.166666666667 0.166666666667 0.166666666667 0.166666666667
0.0666666666667 0.266666666667 0.0666666666667 0.266666666667 0.0666666666667 0.266666666667
0.0666666666667 0.266666666667 0.0666666666667 0.266666666667 0.0666666666667 0.266666666667
0.190476190476 0.190476190476 0.047619047619 0.190476190476 0.190476190476 0.190476190476
0.190476190476 0.190476190476 0.047619047619 0.190476190476 0.190476190476 0.190476190476
0.280701754386 0.0701754385965 0.0175438596491 0.280701754386 0.280701754386 0.0701754385965
0.280701754386 0.0701754385965 0.0175438596491 0.280701754386 0.280701754386 0.0701754385965
0.318407960199 0.0199004975124 0.00497512437811 0.318407960199 0.318407960199 0.0199004975124
0.300469483568 0.075117370892 0.00469483568075 0.300469483568 0.300469483568 0.018779342723
0.141280353201 0.141280353201 0.00220750551876 0.565121412804 0.141280353201 0.00883002207506
0.396899224806 0.0992248062016 0.0015503875969 0.396899224806 0.0992248062016 0.0062015503876
0.159501557632 0.159501557632 0.000623052959502 0.63800623053 0.0398753894081 0.00249221183801
0.10788032027 0.431521281079 0.000421407501054 0.431521281079 0.0269700800674 0.00168563000421
0.326010824578 0.326010824578 0.000318369945877 0.326010824578 0.0203756765361 0.00127347978351
0.107914427232 0.431657708926 0.000105385182843 0.431657708926 0.0269786068079 0.00168616292549
0.10788032027 0.431521281079 0.000421407501054 0.431521281079 0.0269700800674 0.00168563000421
0.15987509758 0.15987509758 0.00015612802498 0.63950039032 0.039968774395 0.000624512099922
0.432204284056 0.108051071014 0.000105518624037 0.432204284056 0.0270127677535 0.000422074496149
0.399804782821 0.0999511957052 9.76085895559e-05 0.399804782821 0.0999511957052 0.000390434358224
0.727111347801 0.0454444592376 4.43793547242e-05 0.18177783695 0.0454444592376 0.000177517418897
0.727111347801 0.0454444592376 4.43793547242e-05 0.18177783695 0.0454444592376 0.000177517418897
0.399834053249 0.0999585133123 2.44039339141e-05 0.399834053249 0.0999585133123 0.000390462942626
0.399804782821 0.0999511957052 9.76085895559e-05 0.399804782821 0.0999511957052 0.000390434358224
0.166666666667 0.166666666667 0.166666666667 0.166666666667 0.166666666667 0.166666666667
0.166666666667 0.166666666667 0.166666666667 0.166666666667 0.166666666667 0.166666666667
0.0555555555556 0.222222222222 0.222222222222 0.222222222222 0.0555555555556 0.222222222222
0.0555555555556 0.222222222222 0.222222222222 0.222222222222 0.0555555555556 0.222222222222
0.166666666667 0.166666666667 0.166666666667 0.166666666667 0.166666666667 0.166666666667
0.266666666667 0.0666666666667 0.0666666666667 0.266666666667 0.266666666667 0.0666666666667
0.190476190476 0.190476190476 0.047619047619 0.190476190476 0.190476190476 0.190476190476
0.190476190476 0.190476190476 0.047619047619 0.190476190476 0.190476190476 0.190476190476
0.333333333333 0.0833333333333 0.0833333333333 0.0833333333333 0.0833333333333 0.333333333333
0.333333333333 0.0833333333333 0.0833333333333 0.0833333333333 0.0833333333333 0.333333333333
0.355555555556 0.0888888888889 0.0222222222222 0.0888888888889 0.0888888888889 0.355555555556
0.280701754386 0.280701754386 0.0175438596491 0.0701754385965 0.0701754385965 0.280701754386
0.166666666667 0.166666666667 0.166666666667 0.166666666667 0.166666666667 0.166666666667
0.166666666667 0.166666666667 0.166666666667 0.166666666667 0.166666666667 0.166666666667
0.222222222222 0.0555555555556 0.222222222222 0.222222222222 0.222222222222 0.0555555555556
0.190476190476 0.190476190476 0.190476190476 0.190476190476 0.190476190476 0.047619047619
0.280701754386 0.0701754385965 0.0701754385965 0.280701754386 0.280701754386 0.0175438596491
0.222222222222 0.222222222222 0.0555555555556 0.222222222222 0.222222222222 0.0555555555556
0.222222222222 0.222222222222 0.0555555555556 0.222222222222 0.222222222222 0.0555555555556
0.444444444444 0.111111111111 0.111111111111 0.111111111111 0.111111111111 0.111111111111
0.444444444444 0.111111111111 0.111111111111 0.111111111111 0.111111111111 0.111111111111
0.484848484848 0.121212121212 0.030303030303 0.121212121212 0.121212121212 0.121212121212
0.484848484848 0.121212121212 0.030303030303 0.121212121212 0.121212121212 0.121212121212
0.609523809524 0.0380952380952 0.00952380952381 0.152380952381 0.152380952381 0.0380952380952
