Price Resolution OpticalZoom DigitalZoom Weight StorageIncluded
0.166666666667 0.166666666667 0.166666666667 0.166666666667 0.166666666667 0.166666666667
0.0833333333333 0.0833333333333 0.333333333333 0.333333333333 0.0833333333333 0.0833333333333
0.222222222222 0.0555555555556 0.222222222222 0.222222222222 0.222222222222 0.0555555555556
0.380952380952 0.0238095238095 0.0952380952381 0.0952380952381 0.380952380952 0.0238095238095
0.463768115942 0.00724637681159 0.0289855072464 0.0289855072464 0.463768115942 0.00724637681159
0.179271708683 0.0112044817927 0.0448179271709 0.0448179271709 0.717086834734 0.00280112044818
0.173441734417 0.0433604336043 0.0433604336043 0.0433604336043 0.693766937669 0.00271002710027
0.389649923896 0.0974124809741 0.0243531202435 0.0974124809741 0.389649923896 0.00152207001522
0.718596491228 0.0449122807018 0.0112280701754 0.0449122807018 0.179649122807 0.000701754385965
0.420879572544 0.105219893136 0.026304973284 0.026304973284 0.420879572544 0.000411015207563
0.166666666667 0.166666666667 0.166666666667 0.166666666667 0.166666666667 0.166666666667
0.0666666666667 0.266666666667 0.266666666667 0.266666666667 0.0666666666667 0.0666666666667
0.190476190476 0.190476190476 0.190476190476 0.190476190476 0.190476190476 0.047619047619
0.355555555556 0.0888888888889 0.0888888888889 0.0888888888889 0.355555555556 0.0222222222222
0.231884057971 0.231884057971 0.0579710144928 0.231884057971 0.231884057971 0.0144927536232
0.0969696969697 0.0969696969697 0.0242424242424 0.387878787879 0.387878787879 0.00606060606061
0.158024691358 0.0395061728395 0.00987654320988 0.158024691358 0.632098765432 0.00246913580247
0.187545787546 0.0117216117216 0.0029304029304 0.0468864468864 0.750183150183 0.000732600732601
0.181174805379 0.0452937013447 0.00283085633404 0.0452937013447 0.724699221515 0.00070771408351
0.466940264478 0.0291837665299 0.00729594163247 0.0291837665299 0.466940264478 0.000455996352029
0.477556255101 0.00746181648595 0.00746181648595 0.0298472659438 0.477556255101 0.000116590882593
0.196309609394 0.00306733764678 0.00306733764678 0.0122693505871 0.785238437575 4.79271507309e-05
0.166666666667 0.166666666667 0.166666666667 0.166666666667 0.166666666667 0.166666666667
0.0833333333333 0.0833333333333 0.333333333333 0.333333333333 0.0833333333333 0.0833333333333
0.222222222222 0.0555555555556 0.222222222222 0.222222222222 0.222222222222 0.0555555555556
0.380952380952 0.0238095238095 0.0952380952381 0.0952380952381 0.380952380952 0.0238095238095
0.463768115942 0.00724637681159 0.0289855072464 0.0289855072464 0.463768115942 0.00724637681159
0.179271708683 0.0112044817927 0.0448179271709 0.0448179271709 0.717086834734 0.00280112044818
0.173441734417 0.0433604336043 0.0433604336043 0.0433604336043 0.693766937669 0.00271002710027
0.389649923896 0.0974124809741 0.0243531202435 0.0974124809741 0.389649923896 0.00152207001522
0.718596491228 0.0449122807018 0.0112280701754 0.0449122807018 0.179649122807 0.000701754385965
0.429350104822 0.107337526205 0.00670859538784 0.0268343815514 0.429350104822 0.00041928721174
0.163239279452 0.163239279452 0.0102024549657 0.0102024549657 0.652957117806 0.000159413358839
0.166666666667 0.166666666667 0.166666666667 0.166666666667 0.166666666667 0.166666666667
0.0833333333333 0.0833333333333 0.333333333333 0.333333333333 0.0833333333333 0.0833333333333
0.0555555555556 0.222222222222 0.222222222222 0.222222222222 0.222222222222 0.0555555555556
0.0888888888889 0.0888888888889 0.0888888888889 0.355555555556 0.355555555556 0.0222222222222
0.152380952381 0.0380952380952 0.0380952380952 0.152380952381 0.609523809524 0.00952380952381
0.136752136752 0.136752136752 0.034188034188 0.136752136752 0.547008547009 0.00854700854701
0.245210727969 0.245210727969 0.0153256704981 0.245210727969 0.245210727969 0.00383141762452
0.396899224806 0.0992248062016 0.0062015503876 0.0992248062016 0.396899224806 0.0015503875969
0.142459654981 0.142459654981 0.00222593210907 0.142459654981 0.569838619922 0.000556483027268
0.399220272904 0.0998050682261 0.00155945419103 0.0998050682261 0.399220272904 0.000389863547758
0.725084085679 0.0453177553549 0.00283235970968 0.0453177553549 0.18127102142 0.000177022481855
0.431657708926 0.107914427232 0.00168616292549 0.0269786068079 0.431657708926 0.000105385182843
0.164835607067 0.164835607067 0.000643889090104 0.0103022254417 0.659342428267 4.02430681315e-05
0.188198536591 0.0470496341477 0.00018378763339 0.0117624085369 0.752794146364 1.14867270869e-05
0.159973441909 0.159973441909 0.000156224064364 0.0399933604773 0.639893767636 9.76400402277e-06
0.0454520234806 0.181808093922 4.43867416803e-05 0.0454520234806 0.727232375689 1.10966854201e-05
0.014285465167 0.0571418606679 1.39506495771e-05 0.014285465167 0.914269770686 3.48766239428e-06
0.0547936042915 0.0547936042915 1.33773447977e-05 0.0136984010729 0.876697668663 3.34433619943e-06
0.188232590869 0.0470581477173 1.1488805595e-05 0.0117645369293 0.752930363477 2.87220139876e-06
0.0577614783046 0.0144403695762 3.52548085355e-06 0.00361009239404 0.924183652874 8.81370213389e-07
0.166666666667 0.166666666667 0.166666666667 0.166666666667 0.166666666667 0.166666666667
0.0666666666667 0.266666666667 0.266666666667 0.266666666667 0.0666666666667 0.0666666666667
0.190476190476 0.190476190476 0.190476190476 0.190476190476 0.190476190476 0.047619047619
0.355555555556 0.0888888888889 0.0888888888889 0.0888888888889 0.355555555556 0.0222222222222
0.231884057971 0.231884057971 0.0579710144928 0.231884057971 0.231884057971 0.0144927536232
0.0969696969697 0.0969696969697 0.0242424242424 0.387878787879 0.387878787879 0.00606060606061
0.158024691358 0.0395061728395 0.00987654320988 0.158024691358 0.632098765432 0.00246913580247
0.187545787546 0.0117216117216 0.0029304029304 0.0468864468864 0.750183150183 0.000732600732601
0.181174805379 0.0452937013447 0.00283085633404 0.0452937013447 0.724699221515 0.00070771408351
0.466940264478 0.0291837665299 0.00729594163247 0.0291837665299 0.466940264478 0.000455996352029
0.477556255101 0.00746181648595 0.00746181648595 0.0298472659438 0.477556255101 0.000116590882593
0.196309609394 0.00306733764678 0.00306733764678 0.0122693505871 0.785238437575 4.79271507309e-05
