Price Resolution OpticalZoom DigitalZoom Weight StorageIncluded
0.166666666667 0.166666666667 0.166666666667 0.166666666667 0.166666666667 0.166666666667
0.0666666666667 0.266666666667 0.266666666667 0.0666666666667 0.0666666666667 0.266666666667
0.121212121212 0.121212121212 0.484848484848 0.030303030303 0.121212121212 0.121212121212
0.0701754385965 0.280701754386 0.280701754386 0.0175438596491 0.280701754386 0.0701754385965
0.0380952380952 0.609523809524 0.152380952381 0.00952380952381 0.152380952381 0.0380952380952
0.0969696969697 0.387878787879 0.0969696969697 0.00606060606061 0.387878787879 0.0242424242424
0.0289855072464 0.463768115942 0.0289855072464 0.00724637681159 0.463768115942 0.00724637681159
0.106666666667 0.426666666667 0.0266666666667 0.00666666666667 0.426666666667 0.00666666666667
0.0448179271709 0.717086834734 0.0448179271709 0.0112044817927 0.179271708683 0.00280112044818
0.0141843971631 0.90780141844 0.0141843971631 0.00354609929078 0.0567375886525 0.00354609929078
0.046783625731 0.748538011696 0.0116959064327 0.00292397660819 0.187134502924 0.00292397660819
0.0122887864823 0.786482334869 0.00307219662058 0.000768049155146 0.196620583717 0.000768049155146
0.0474074074074 0.758518518519 0.00296296296296 0.000740740740741 0.18962962963 0.000740740740741
0.110822510823 0.44329004329 0.0017316017316 0.0004329004329 0.44329004329 0.0004329004329
0.0475659606094 0.190263842438 0.000743218134522 0.000185804533631 0.761055369751 0.000185804533631
0.166504065041 0.166504065041 0.000650406504065 0.000162601626016 0.666016260163 0.000162601626016
0.44415528085 0.111038820213 0.000433745391455 0.000108436347864 0.44415528085 0.000108436347864
0.332764643757 0.332764643757 0.00129986188967 0.000324965472419 0.332764643757 8.12413681046e-05
0.166524372891 0.166524372891 0.000650485831605 0.000162621457901 0.666097491564 4.06553644753e-05
0.166666666667 0.166666666667 0.166666666667 0.166666666667 0.166666666667 0.166666666667
0.0833333333333 0.0833333333333 0.333333333333 0.333333333333 0.0833333333333 0.0833333333333
0.0555555555556 0.222222222222 0.222222222222 0.222222222222 0.222222222222 0.0555555555556
0.121212121212 0.121212121212 0.121212121212 0.121212121212 0.484848484848 0.030303030303
0.0701754385965 0.280701754386 0.280701754386 0.0701754385965 0.280701754386 0.0175438596491
0.0380952380952 0.152380952381 0.609523809524 0.0380952380952 0.152380952381 0.00952380952381
0.0969696969697 0.0969696969697 0.387878787879 0.0242424242424 0.387878787879 0.00606060606061
0.153477218225 0.0383693045564 0.153477218225 0.0383693045564 0.613908872902 0.00239808153477
0.0519059205191 0.0129764801298 0.0519059205191 0.0519059205191 0.830494728305 0.00081103000811
0.0147025040202 0.0147025040202 0.0147025040202 0.0147025040202 0.940960257294 0.000229726625316
0.166666666667 0.166666666667 0.166666666667 0.166666666667 0.166666666667 0.166666666667
0.166666666667 0.166666666667 0.166666666667 0.166666666667 0.166666666667 0.166666666667
0.0666666666667 0.266666666667 0.266666666667 0.266666666667 0.0666666666667 0.0666666666667
0.0333333333333 0.533333333333 0.133333333333 0.133333333333 0.133333333333 0.0333333333333
0.0888888888889 0.355555555556 0.0888888888889 0.0888888888889 0.355555555556 0.0222222222222
0.0430107526882 0.172043010753 0.0430107526882 0.0430107526882 0.688172043011 0.010752688172
0.152380952381 0.152380952381 0.0380952380952 0.0380952380952 0.609523809524 0.00952380952381
0.152380952381 0.152380952381 0.0380952380952 0.0380952380952 0.609523809524 0.00952380952381
0.0969696969697 0.387878787879 0.0969696969697 0.0242424242424 0.387878787879 0.00606060606061
0.0448179271709 0.179271708683 0.0448179271709 0.0112044817927 0.717086834734 0.00280112044818
0.166666666667 0.166666666667 0.166666666667 0.166666666667 0.166666666667 0.166666666667
0.166666666667 0.166666666667 0.166666666667 0.166666666667 0.166666666667 0.166666666667
0.266666666667 0.0666666666667 0.266666666667 0.266666666667 0.0666666666667 0.0666666666667
0.533333333333 0.0333333333333 0.133333333333 0.133333333333 0.133333333333 0.0333333333333
0.711111111111 0.0111111111111 0.0444444444444 0.0444444444444 0.177777777778 0.0111111111111
0.463768115942 0.00724637681159 0.0289855072464 0.0289855072464 0.463768115942 0.00724637681159
0.426666666667 0.00666666666667 0.0266666666667 0.106666666667 0.426666666667 0.00666666666667
0.430976430976 0.0016835016835 0.026936026936 0.107744107744 0.430976430976 0.0016835016835
0.187545787546 0.0029304029304 0.0117216117216 0.0468864468864 0.750183150183 0.000732600732601
0.179649122807 0.0112280701754 0.0449122807018 0.0449122807018 0.718596491228 0.000701754385965
0.194491927825 0.00303893637227 0.0121557454891 0.0121557454891 0.777967711301 0.000189933523267
0.166666666667 0.166666666667 0.166666666667 0.166666666667 0.166666666667 0.166666666667
0.0666666666667 0.266666666667 0.266666666667 0.266666666667 0.0666666666667 0.0666666666667
0.0333333333333 0.533333333333 0.133333333333 0.133333333333 0.133333333333 0.0333333333333
0.0888888888889 0.355555555556 0.0888888888889 0.0888888888889 0.355555555556 0.0222222222222
0.0430107526882 0.172043010753 0.0430107526882 0.0430107526882 0.688172043011 0.010752688172
0.152380952381 0.152380952381 0.0380952380952 0.0380952380952 0.609523809524 0.00952380952381
0.152380952381 0.152380952381 0.0380952380952 0.0380952380952 0.609523809524 0.00952380952381
0.0969696969697 0.387878787879 0.0969696969697 0.0242424242424 0.387878787879 0.00606060606061
0.0448179271709 0.179271708683 0.0448179271709 0.0112044817927 0.717086834734 0.00280112044818
0.166666666667 0.166666666667 0.166666666667 0.166666666667 0.166666666667 0.166666666667
0.0833333333333 0.0833333333333 0.333333333333 0.333333333333 0.0833333333333 0.0833333333333
0.0555555555556 0.222222222222 0.222222222222 0.222222222222 0.222222222222 0.0555555555556
0.121212121212 0.121212121212 0.121212121212 0.121212121212 0.484848484848 0.030303030303
0.0701754385965 0.280701754386 0.280701754386 0.0701754385965 0.280701754386 0.0175438596491
0.0380952380952 0.152380952381 0.609523809524 0.0380952380952 0.152380952381 0.00952380952381
0.0969696969697 0.0969696969697 0.387878787879 0.0242424242424 0.387878787879 0.00606060606061
0.153477218225 0.0383693045564 0.153477218225 0.0383693045564 0.613908872902 0.00239808153477
0.0519059205191 0.0129764801298 0.0519059205191 0.0519059205191 0.830494728305 0.00081103000811
0.0147025040202 0.0147025040202 0.0147025040202 0.0147025040202 0.940960257294 0.000229726625316
0.166666666667 0.166666666667 0.166666666667 0.166666666667 0.166666666667 0.166666666667
0.0833333333333 0.0833333333333 0.333333333333 0.333333333333 0.0833333333333 0.0833333333333
0.0555555555556 0.222222222222 0.222222222222 0.222222222222 0.222222222222 0.0555555555556
0.121212121212 0.121212121212 0.121212121212 0.121212121212 0.484848484848 0.030303030303
0.0701754385965 0.280701754386 0.280701754386 0.0701754385965 0.280701754386 0.0175438596491
0.0380952380952 0.152380952381 0.609523809524 0.0380952380952 0.152380952381 0.00952380952381
0.0969696969697 0.0969696969697 0.387878787879 0.0242424242424 0.387878787879 0.00606060606061
0.284444444444 0.0711111111111 0.284444444444 0.0711111111111 0.284444444444 0.00444444444444
0.137634408602 0.0344086021505 0.137634408602 0.137634408602 0.550537634409 0.00215053763441
0.124756335283 0.124756335283 0.124756335283 0.124756335283 0.499025341131 0.00194931773879
0.166666666667 0.166666666667 0.166666666667 0.166666666667 0.166666666667 0.166666666667
0.0833333333333 0.0833333333333 0.333333333333 0.333333333333 0.0833333333333 0.0833333333333
0.0555555555556 0.222222222222 0.222222222222 0.222222222222 0.222222222222 0.0555555555556
0.121212121212 0.121212121212 0.121212121212 0.121212121212 0.484848484848 0.030303030303
0.0701754385965 0.280701754386 0.280701754386 0.0701754385965 0.280701754386 0.0175438596491
0.0380952380952 0.152380952381 0.609523809524 0.0380952380952 0.152380952381 0.00952380952381
0.0969696969697 0.0969696969697 0.387878787879 0.0242424242424 0.387878787879 0.00606060606061
0.153477218225 0.0383693045564 0.153477218225 0.0383693045564 0.613908872902 0.00239808153477
0.0519059205191 0.0129764801298 0.0519059205191 0.0519059205191 0.830494728305 0.00081103000811
0.0147025040202 0.0147025040202 0.0147025040202 0.0147025040202 0.940960257294 0.000229726625316
