Price Resolution OpticalZoom DigitalZoom Weight StorageIncluded
0.166666666667 0.166666666667 0.166666666667 0.166666666667 0.166666666667 0.166666666667
0.0416666666667 0.291666666667 0.291666666667 0.291666666667 0.0416666666667 0.0416666666667
0.166666666667 0.166666666667 0.166666666667 0.166666666667 0.166666666667 0.166666666667
0.0416666666667 0.291666666667 0.291666666667 0.291666666667 0.0416666666667 0.0416666666667
0.166666666667 0.166666666667 0.166666666667 0.166666666667 0.166666666667 0.166666666667
0.166666666667 0.166666666667 0.166666666667 0.166666666667 0.166666666667 0.166666666667
0.291666666667 0.0416666666667 0.291666666667 0.291666666667 0.0416666666667 0.0416666666667
0.166666666667 0.166666666667 0.166666666667 0.166666666667 0.166666666667 0.166666666667
0.291666666667 0.0416666666667 0.291666666667 0.291666666667 0.0416666666667 0.0416666666667
