Price Resolution OpticalZoom DigitalZoom Weight StorageIncluded
0.166666666667 0.166666666667 0.166666666667 0.166666666667 0.166666666667 0.166666666667
0.166666666667 0.166666666667 0.166666666667 0.166666666667 0.166666666667 0.166666666667
0.0666666666667 0.266666666667 0.266666666667 0.0666666666667 0.0666666666667 0.266666666667
0.121212121212 0.121212121212 0.484848484848 0.030303030303 0.121212121212 0.121212121212
0.0888888888889 0.355555555556 0.355555555556 0.0222222222222 0.0888888888889 0.0888888888889
0.133333333333 0.133333333333 0.533333333333 0.0333333333333 0.133333333333 0.0333333333333
0.296296296296 0.0740740740741 0.296296296296 0.0185185185185 0.296296296296 0.0185185185185
0.156862745098 0.0392156862745 0.156862745098 0.00980392156863 0.627450980392 0.00980392156863
0.387878787879 0.0969696969697 0.0969696969697 0.0242424242424 0.387878787879 0.00606060606061
0.152380952381 0.152380952381 0.0380952380952 0.0380952380952 0.609523809524 0.00952380952381
0.102564102564 0.410256410256 0.025641025641 0.025641025641 0.410256410256 0.025641025641
0.161616161616 0.161616161616 0.010101010101 0.010101010101 0.646464646465 0.010101010101
0.152380952381 0.152380952381 0.0380952380952 0.0380952380952 0.609523809524 0.00952380952381
0.0463768115942 0.185507246377 0.0115942028986 0.0115942028986 0.742028985507 0.00289855072464
0.162849872774 0.162849872774 0.0101781170483 0.0101781170483 0.651399491094 0.00254452926209
0.109401709402 0.437606837607 0.00683760683761 0.00683760683761 0.437606837607 0.0017094017094
0.046783625731 0.748538011696 0.0116959064327 0.00292397660819 0.187134502924 0.00292397660819
0.109965635739 0.439862542955 0.00687285223368 0.00171821305842 0.439862542955 0.00171821305842
0.166018158236 0.166018158236 0.00259403372244 0.00064850843061 0.664072632944 0.00064850843061
0.110678772157 0.442715088629 0.00172935581496 0.00172935581496 0.442715088629 0.00043233895374
0.0473285265299 0.757256424478 0.00295803290812 0.00295803290812 0.189314106119 0.000184877056757
0.0468864468864 0.750183150183 0.0029304029304 0.0117216117216 0.187545787546 0.000732600732601
0.0468864468864 0.750183150183 0.0029304029304 0.0117216117216 0.187545787546 0.000732600732601
0.109965635739 0.439862542955 0.00171821305842 0.00687285223368 0.439862542955 0.00171821305842
0.109965635739 0.439862542955 0.00171821305842 0.00687285223368 0.439862542955 0.00171821305842
0.0300046882325 0.480075011721 0.000468823253633 0.00750117205813 0.480075011721 0.00187529301453
0.166666666667 0.166666666667 0.166666666667 0.166666666667 0.166666666667 0.166666666667
0.0555555555556 0.222222222222 0.222222222222 0.222222222222 0.0555555555556 0.222222222222
0.111111111111 0.111111111111 0.444444444444 0.111111111111 0.111111111111 0.111111111111
0.0833333333333 0.333333333333 0.333333333333 0.0833333333333 0.0833333333333 0.0833333333333
0.121212121212 0.121212121212 0.484848484848 0.121212121212 0.121212121212 0.030303030303
0.280701754386 0.0701754385965 0.280701754386 0.0701754385965 0.280701754386 0.0175438596491
0.152380952381 0.0380952380952 0.152380952381 0.0380952380952 0.609523809524 0.00952380952381
0.361581920904 0.090395480226 0.090395480226 0.090395480226 0.361581920904 0.00564971751412
0.136752136752 0.136752136752 0.034188034188 0.136752136752 0.547008547009 0.00854700854701
0.0952380952381 0.380952380952 0.0238095238095 0.0952380952381 0.380952380952 0.0238095238095
0.152380952381 0.152380952381 0.0380952380952 0.0380952380952 0.609523809524 0.00952380952381
0.418300653595 0.104575163399 0.0261437908497 0.0261437908497 0.418300653595 0.00653594771242
0.179271708683 0.0448179271709 0.0112044817927 0.0448179271709 0.717086834734 0.00280112044818
0.158024691358 0.158024691358 0.00987654320988 0.0395061728395 0.632098765432 0.00246913580247
0.428810720268 0.107202680067 0.00670016750419 0.0268006700168 0.428810720268 0.00167504187605
0.743645606391 0.0464778503994 0.0116194625999 0.0116194625999 0.185911401598 0.000726216412491
0.743645606391 0.0464778503994 0.0116194625999 0.0116194625999 0.185911401598 0.000726216412491
0.429350104822 0.107337526205 0.00670859538784 0.0268343815514 0.429350104822 0.00041928721174
0.750595565329 0.0469122228331 0.00293201392707 0.0117280557083 0.187648891332 0.000183250870442
0.657675016057 0.164418754014 0.00256904303147 0.0102761721259 0.164418754014 0.000642260757868
0.329790660225 0.329790660225 0.00515297906602 0.00515297906602 0.329790660225 0.000322061191626
0.329790660225 0.329790660225 0.00515297906602 0.00515297906602 0.329790660225 0.000322061191626
0.329790660225 0.329790660225 0.00515297906602 0.00515297906602 0.329790660225 0.000322061191626
0.163161249203 0.652644996813 0.0101975780752 0.0101975780752 0.163161249203 0.0006373486297
0.329790660225 0.329790660225 0.00515297906602 0.00515297906602 0.329790660225 0.000322061191626
0.166666666667 0.166666666667 0.166666666667 0.166666666667 0.166666666667 0.166666666667
0.166666666667 0.166666666667 0.166666666667 0.166666666667 0.166666666667 0.166666666667
0.0666666666667 0.266666666667 0.266666666667 0.0666666666667 0.0666666666667 0.266666666667
0.121212121212 0.121212121212 0.484848484848 0.030303030303 0.121212121212 0.121212121212
0.0888888888889 0.355555555556 0.355555555556 0.0222222222222 0.0888888888889 0.0888888888889
0.133333333333 0.133333333333 0.533333333333 0.0333333333333 0.133333333333 0.0333333333333
0.296296296296 0.0740740740741 0.296296296296 0.0185185185185 0.296296296296 0.0185185185185
0.156862745098 0.0392156862745 0.156862745098 0.00980392156863 0.627450980392 0.00980392156863
0.387878787879 0.0969696969697 0.0969696969697 0.0242424242424 0.387878787879 0.00606060606061
0.152380952381 0.152380952381 0.0380952380952 0.0380952380952 0.609523809524 0.00952380952381
0.102564102564 0.410256410256 0.025641025641 0.025641025641 0.410256410256 0.025641025641
0.161616161616 0.161616161616 0.010101010101 0.010101010101 0.646464646465 0.010101010101
0.152380952381 0.152380952381 0.0380952380952 0.0380952380952 0.609523809524 0.00952380952381
0.0463768115942 0.185507246377 0.0115942028986 0.0115942028986 0.742028985507 0.00289855072464
0.162849872774 0.162849872774 0.0101781170483 0.0101781170483 0.651399491094 0.00254452926209
0.109401709402 0.437606837607 0.00683760683761 0.00683760683761 0.437606837607 0.0017094017094
0.046783625731 0.748538011696 0.0116959064327 0.00292397660819 0.187134502924 0.00292397660819
0.109965635739 0.439862542955 0.00687285223368 0.00171821305842 0.439862542955 0.00171821305842
0.166018158236 0.166018158236 0.00259403372244 0.00064850843061 0.664072632944 0.00064850843061
0.110678772157 0.442715088629 0.00172935581496 0.00172935581496 0.442715088629 0.00043233895374
0.0473285265299 0.757256424478 0.00295803290812 0.00295803290812 0.189314106119 0.000184877056757
0.0468864468864 0.750183150183 0.0029304029304 0.0117216117216 0.187545787546 0.000732600732601
0.0468864468864 0.750183150183 0.0029304029304 0.0117216117216 0.187545787546 0.000732600732601
0.10788032027 0.431521281079 0.00168563000421 0.0269700800674 0.431521281079 0.000421407501054
0.10788032027 0.431521281079 0.00168563000421 0.0269700800674 0.431521281079 0.000421407501054
0.0293847566575 0.47015610652 0.000459136822773 0.0293847566575 0.47015610652 0.000459136822773
