Price Resolution OpticalZoom DigitalZoom Weight StorageIncluded
0.166666666667 0.166666666667 0.166666666667 0.166666666667 0.166666666667 0.166666666667
0.166666666667 0.166666666667 0.166666666667 0.166666666667 0.166666666667 0.166666666667
0.0555555555556 0.222222222222 0.222222222222 0.222222222222 0.0555555555556 0.222222222222
0.111111111111 0.111111111111 0.444444444444 0.111111111111 0.111111111111 0.111111111111
0.0833333333333 0.333333333333 0.333333333333 0.0833333333333 0.0833333333333 0.0833333333333
0.222222222222 0.222222222222 0.222222222222 0.0555555555556 0.222222222222 0.0555555555556
0.355555555556 0.0888888888889 0.0888888888889 0.0888888888889 0.355555555556 0.0222222222222
0.152380952381 0.152380952381 0.0380952380952 0.0380952380952 0.609523809524 0.00952380952381
0.124031007752 0.124031007752 0.124031007752 0.124031007752 0.496124031008 0.0077519379845
0.0711111111111 0.284444444444 0.284444444444 0.0711111111111 0.284444444444 0.00444444444444
0.124756335283 0.124756335283 0.124756335283 0.124756335283 0.499025341131 0.00194931773879
0.090780141844 0.090780141844 0.090780141844 0.363120567376 0.363120567376 0.00141843971631
0.090780141844 0.090780141844 0.090780141844 0.363120567376 0.363120567376 0.00141843971631
0.024380952381 0.0975238095238 0.0975238095238 0.390095238095 0.390095238095 0.000380952380952
0.0908768193113 0.0908768193113 0.0908768193113 0.363507277245 0.363507277245 0.000354987575435
0.0344781144781 0.137912457912 0.137912457912 0.55164983165 0.137912457912 0.00013468013468
0.0909010208611 0.0909010208611 0.0909010208611 0.363604083444 0.363604083444 8.87705281846e-05
0.0384600938967 0.0384600938967 0.153840375587 0.615361502347 0.153840375587 3.7558685446e-05
0.137926389871 0.0344815974678 0.137926389871 0.551705559484 0.137926389871 3.36734350271e-05
0.390234607598 0.0243896629749 0.0975586518995 0.390234607598 0.0975586518995 2.38180302489e-05
0.285709303339 0.0714273258349 0.285709303339 0.285709303339 0.0714273258349 1.74383119714e-05
0.137929873301 0.0344824683251 0.137929873301 0.551719493202 0.137929873301 8.41857136844e-06
0.0909085864891 0.0909085864891 0.363634345956 0.363634345956 0.0909085864891 5.54861978083e-06
0.137929873301 0.0344824683251 0.137929873301 0.551719493202 0.137929873301 8.41857136844e-06
0.137929873301 0.0344824683251 0.137929873301 0.551719493202 0.137929873301 8.41857136844e-06
0.166666666667 0.166666666667 0.166666666667 0.166666666667 0.166666666667 0.166666666667
0.0555555555556 0.222222222222 0.222222222222 0.222222222222 0.0555555555556 0.222222222222
0.047619047619 0.190476190476 0.190476190476 0.190476190476 0.190476190476 0.190476190476
0.111111111111 0.111111111111 0.111111111111 0.111111111111 0.444444444444 0.111111111111
0.0416666666667 0.0416666666667 0.166666666667 0.0416666666667 0.666666666667 0.0416666666667
0.0277777777778 0.0277777777778 0.444444444444 0.0277777777778 0.444444444444 0.0277777777778
0.102564102564 0.025641025641 0.410256410256 0.025641025641 0.410256410256 0.025641025641
0.0952380952381 0.0952380952381 0.380952380952 0.0238095238095 0.380952380952 0.0238095238095
0.0952380952381 0.0952380952381 0.380952380952 0.0238095238095 0.380952380952 0.0238095238095
0.0392156862745 0.156862745098 0.627450980392 0.00980392156863 0.156862745098 0.00980392156863
0.0101781170483 0.162849872774 0.651399491094 0.0101781170483 0.162849872774 0.00254452926209
0.0101781170483 0.162849872774 0.651399491094 0.0101781170483 0.162849872774 0.00254452926209
0.0262725779967 0.105090311987 0.420361247947 0.0262725779967 0.420361247947 0.00164203612479
0.019975031211 0.319600499376 0.319600499376 0.019975031211 0.319600499376 0.00124843945069
0.075382803298 0.301531213192 0.301531213192 0.0188457008245 0.301531213192 0.00117785630153
0.166666666667 0.166666666667 0.166666666667 0.166666666667 0.166666666667 0.166666666667
0.266666666667 0.0666666666667 0.0666666666667 0.266666666667 0.266666666667 0.0666666666667
0.222222222222 0.0555555555556 0.222222222222 0.222222222222 0.222222222222 0.0555555555556
0.533333333333 0.0333333333333 0.133333333333 0.133333333333 0.133333333333 0.0333333333333
0.533333333333 0.0333333333333 0.133333333333 0.133333333333 0.133333333333 0.0333333333333
0.380952380952 0.0238095238095 0.0952380952381 0.0952380952381 0.380952380952 0.0238095238095
0.166666666667 0.166666666667 0.166666666667 0.166666666667 0.166666666667 0.166666666667
0.0555555555556 0.222222222222 0.222222222222 0.222222222222 0.0555555555556 0.222222222222
0.047619047619 0.190476190476 0.190476190476 0.190476190476 0.190476190476 0.190476190476
0.111111111111 0.111111111111 0.111111111111 0.111111111111 0.444444444444 0.111111111111
0.0416666666667 0.0416666666667 0.166666666667 0.0416666666667 0.666666666667 0.0416666666667
0.0277777777778 0.0277777777778 0.444444444444 0.0277777777778 0.444444444444 0.0277777777778
0.102564102564 0.025641025641 0.410256410256 0.025641025641 0.410256410256 0.025641025641
0.0952380952381 0.0952380952381 0.380952380952 0.0238095238095 0.380952380952 0.0238095238095
0.0952380952381 0.0952380952381 0.380952380952 0.0238095238095 0.380952380952 0.0238095238095
0.0392156862745 0.156862745098 0.627450980392 0.00980392156863 0.156862745098 0.00980392156863
0.0101781170483 0.162849872774 0.651399491094 0.0101781170483 0.162849872774 0.00254452926209
0.0101781170483 0.162849872774 0.651399491094 0.0101781170483 0.162849872774 0.00254452926209
0.0262725779967 0.105090311987 0.420361247947 0.0262725779967 0.420361247947 0.00164203612479
0.019975031211 0.319600499376 0.319600499376 0.019975031211 0.319600499376 0.00124843945069
0.075382803298 0.301531213192 0.301531213192 0.0188457008245 0.301531213192 0.00117785630153
0.166666666667 0.166666666667 0.166666666667 0.166666666667 0.166666666667 0.166666666667
0.0555555555556 0.222222222222 0.222222222222 0.222222222222 0.0555555555556 0.222222222222
0.047619047619 0.190476190476 0.190476190476 0.190476190476 0.190476190476 0.190476190476
0.111111111111 0.111111111111 0.111111111111 0.111111111111 0.444444444444 0.111111111111
0.0416666666667 0.0416666666667 0.166666666667 0.0416666666667 0.666666666667 0.0416666666667
0.0277777777778 0.0277777777778 0.444444444444 0.0277777777778 0.444444444444 0.0277777777778
0.102564102564 0.025641025641 0.410256410256 0.025641025641 0.410256410256 0.025641025641
0.0952380952381 0.0952380952381 0.380952380952 0.0238095238095 0.380952380952 0.0238095238095
0.0952380952381 0.0952380952381 0.380952380952 0.0238095238095 0.380952380952 0.0238095238095
0.0392156862745 0.156862745098 0.627450980392 0.00980392156863 0.156862745098 0.00980392156863
0.0101781170483 0.162849872774 0.651399491094 0.0101781170483 0.162849872774 0.00254452926209
0.0101781170483 0.162849872774 0.651399491094 0.0101781170483 0.162849872774 0.00254452926209
0.0262725779967 0.105090311987 0.420361247947 0.0262725779967 0.420361247947 0.00164203612479
0.019975031211 0.319600499376 0.319600499376 0.019975031211 0.319600499376 0.00124843945069
0.075382803298 0.301531213192 0.301531213192 0.0188457008245 0.301531213192 0.00117785630153
0.166666666667 0.166666666667 0.166666666667 0.166666666667 0.166666666667 0.166666666667
0.0555555555556 0.222222222222 0.222222222222 0.222222222222 0.0555555555556 0.222222222222
0.047619047619 0.190476190476 0.190476190476 0.190476190476 0.190476190476 0.190476190476
0.111111111111 0.111111111111 0.111111111111 0.111111111111 0.444444444444 0.111111111111
0.0416666666667 0.0416666666667 0.166666666667 0.0416666666667 0.666666666667 0.0416666666667
0.0277777777778 0.0277777777778 0.444444444444 0.0277777777778 0.444444444444 0.0277777777778
0.102564102564 0.025641025641 0.410256410256 0.025641025641 0.410256410256 0.025641025641
0.0952380952381 0.0952380952381 0.380952380952 0.0238095238095 0.380952380952 0.0238095238095
0.0952380952381 0.0952380952381 0.380952380952 0.0238095238095 0.380952380952 0.0238095238095
0.0392156862745 0.156862745098 0.627450980392 0.00980392156863 0.156862745098 0.00980392156863
0.0101781170483 0.162849872774 0.651399491094 0.0101781170483 0.162849872774 0.00254452926209
0.00683760683761 0.437606837607 0.437606837607 0.00683760683761 0.109401709402 0.0017094017094
0.00514800514801 0.329472329472 0.329472329472 0.00514800514801 0.329472329472 0.001287001287
0.020278833967 0.324461343473 0.324461343473 0.00506970849176 0.324461343473 0.00126742712294
0.020278833967 0.324461343473 0.324461343473 0.00506970849176 0.324461343473 0.00126742712294
0.166666666667 0.166666666667 0.166666666667 0.166666666667 0.166666666667 0.166666666667
0.190476190476 0.190476190476 0.047619047619 0.190476190476 0.190476190476 0.190476190476
0.166666666667 0.166666666667 0.166666666667 0.166666666667 0.166666666667 0.166666666667
0.333333333333 0.0833333333333 0.0833333333333 0.0833333333333 0.0833333333333 0.333333333333
0.333333333333 0.0833333333333 0.0833333333333 0.0833333333333 0.0833333333333 0.333333333333
0.333333333333 0.0833333333333 0.0833333333333 0.0833333333333 0.0833333333333 0.333333333333
0.166666666667 0.166666666667 0.166666666667 0.166666666667 0.166666666667 0.166666666667
0.166666666667 0.166666666667 0.166666666667 0.166666666667 0.166666666667 0.166666666667
0.0666666666667 0.266666666667 0.266666666667 0.0666666666667 0.0666666666667 0.266666666667
0.121212121212 0.121212121212 0.484848484848 0.030303030303 0.121212121212 0.121212121212
0.0888888888889 0.355555555556 0.355555555556 0.0222222222222 0.0888888888889 0.0888888888889
0.231884057971 0.231884057971 0.231884057971 0.0144927536232 0.231884057971 0.0579710144928
0.380952380952 0.0952380952381 0.0952380952381 0.0238095238095 0.380952380952 0.0238095238095
0.156862745098 0.156862745098 0.0392156862745 0.00980392156863 0.627450980392 0.00980392156863
0.136752136752 0.136752136752 0.136752136752 0.034188034188 0.547008547009 0.00854700854701
0.075117370892 0.300469483568 0.300469483568 0.018779342723 0.300469483568 0.00469483568075
0.137634408602 0.137634408602 0.137634408602 0.0344086021505 0.550537634409 0.00215053763441
0.137634408602 0.137634408602 0.137634408602 0.0344086021505 0.550537634409 0.00215053763441
0.137634408602 0.137634408602 0.137634408602 0.0344086021505 0.550537634409 0.00215053763441
0.0433604336043 0.173441734417 0.0433604336043 0.0433604336043 0.693766937669 0.00271002710027
0.153477218225 0.153477218225 0.0383693045564 0.0383693045564 0.613908872902 0.00239808153477
0.137634408602 0.137634408602 0.0344086021505 0.137634408602 0.550537634409 0.00215053763441
0.363120567376 0.090780141844 0.090780141844 0.090780141844 0.363120567376 0.00141843971631
0.285395763657 0.285395763657 0.0713489409142 0.0713489409142 0.285395763657 0.00111482720178
0.199843871975 0.199843871975 0.199843871975 0.199843871975 0.199843871975 0.000780640124902
0.124938994632 0.124938994632 0.124938994632 0.124938994632 0.499755978526 0.000488042947779
0.363507277245 0.0908768193113 0.0908768193113 0.0908768193113 0.363507277245 0.000354987575435
0.137856758212 0.137856758212 0.034464189553 0.137856758212 0.551427032849 0.000538502961766
0.0908768193113 0.363507277245 0.0908768193113 0.0908768193113 0.363507277245 0.000354987575435
0.0243879203582 0.390206725731 0.0975516814328 0.0975516814328 0.390206725731 9.52653138992e-05
0.0112354619267 0.179767390827 0.0449418477068 0.0449418477068 0.719069563309 4.38885231512e-05
0.0434764148941 0.173905659576 0.0434764148941 0.0434764148941 0.695622638305 4.245743642e-05
