Price Resolution OpticalZoom DigitalZoom Weight StorageIncluded
0.166666666667 0.166666666667 0.166666666667 0.166666666667 0.166666666667 0.166666666667
0.0555555555556 0.222222222222 0.222222222222 0.222222222222 0.0555555555556 0.222222222222
0.111111111111 0.111111111111 0.444444444444 0.111111111111 0.111111111111 0.111111111111
0.0833333333333 0.333333333333 0.333333333333 0.0833333333333 0.0833333333333 0.0833333333333
0.121212121212 0.121212121212 0.484848484848 0.121212121212 0.121212121212 0.030303030303
0.280701754386 0.0701754385965 0.280701754386 0.0701754385965 0.280701754386 0.0175438596491
0.166666666667 0.166666666667 0.166666666667 0.166666666667 0.166666666667 0.166666666667
0.0555555555556 0.222222222222 0.222222222222 0.222222222222 0.0555555555556 0.222222222222
0.111111111111 0.111111111111 0.444444444444 0.111111111111 0.111111111111 0.111111111111
0.0833333333333 0.333333333333 0.333333333333 0.0833333333333 0.0833333333333 0.0833333333333
0.121212121212 0.121212121212 0.484848484848 0.121212121212 0.121212121212 0.030303030303
0.280701754386 0.0701754385965 0.280701754386 0.0701754385965 0.280701754386 0.0175438596491
0.166666666667 0.166666666667 0.166666666667 0.166666666667 0.166666666667 0.166666666667
0.0555555555556 0.222222222222 0.222222222222 0.222222222222 0.0555555555556 0.222222222222
0.111111111111 0.111111111111 0.444444444444 0.111111111111 0.111111111111 0.111111111111
0.0833333333333 0.333333333333 0.333333333333 0.0833333333333 0.0833333333333 0.0833333333333
0.121212121212 0.121212121212 0.484848484848 0.121212121212 0.121212121212 0.030303030303
0.280701754386 0.0701754385965 0.280701754386 0.0701754385965 0.280701754386 0.0175438596491
0.166666666667 0.166666666667 0.166666666667 0.166666666667 0.166666666667 0.166666666667
0.0666666666667 0.266666666667 0.0666666666667 0.266666666667 0.0666666666667 0.266666666667
0.166666666667 0.166666666667 0.166666666667 0.166666666667 0.166666666667 0.166666666667
0.111111111111 0.111111111111 0.111111111111 0.111111111111 0.444444444444 0.111111111111
0.166666666667 0.166666666667 0.166666666667 0.166666666667 0.166666666667 0.166666666667
0.0555555555556 0.222222222222 0.222222222222 0.222222222222 0.0555555555556 0.222222222222
0.111111111111 0.111111111111 0.444444444444 0.111111111111 0.111111111111 0.111111111111
0.0833333333333 0.333333333333 0.333333333333 0.0833333333333 0.0833333333333 0.0833333333333
0.121212121212 0.121212121212 0.484848484848 0.121212121212 0.121212121212 0.030303030303
0.280701754386 0.0701754385965 0.280701754386 0.0701754385965 0.280701754386 0.0175438596491
0.166666666667 0.166666666667 0.166666666667 0.166666666667 0.166666666667 0.166666666667
0.0555555555556 0.222222222222 0.222222222222 0.222222222222 0.0555555555556 0.222222222222
0.111111111111 0.111111111111 0.444444444444 0.111111111111 0.111111111111 0.111111111111
0.0833333333333 0.333333333333 0.333333333333 0.0833333333333 0.0833333333333 0.0833333333333
0.121212121212 0.121212121212 0.484848484848 0.121212121212 0.121212121212 0.030303030303
0.280701754386 0.0701754385965 0.280701754386 0.0701754385965 0.280701754386 0.0175438596491
0.166666666667 0.166666666667 0.166666666667 0.166666666667 0.166666666667 0.166666666667
0.0833333333333 0.333333333333 0.0833333333333 0.0833333333333 0.0833333333333 0.333333333333
0.190476190476 0.190476190476 0.190476190476 0.047619047619 0.190476190476 0.190476190476
0.121212121212 0.484848484848 0.121212121212 0.030303030303 0.121212121212 0.121212121212
0.280701754386 0.280701754386 0.0701754385965 0.0175438596491 0.280701754386 0.0701754385965
0.231884057971 0.231884057971 0.231884057971 0.0144927536232 0.231884057971 0.0579710144928
0.380952380952 0.0952380952381 0.0952380952381 0.0238095238095 0.380952380952 0.0238095238095
0.355555555556 0.0888888888889 0.0888888888889 0.0222222222222 0.355555555556 0.0888888888889
0.355555555556 0.0888888888889 0.0888888888889 0.0222222222222 0.355555555556 0.0888888888889
0.136752136752 0.136752136752 0.034188034188 0.00854700854701 0.547008547009 0.136752136752
0.124031007752 0.124031007752 0.124031007752 0.0077519379845 0.496124031008 0.124031007752
0.136752136752 0.136752136752 0.034188034188 0.00854700854701 0.547008547009 0.136752136752
0.179271708683 0.0448179271709 0.0112044817927 0.00280112044818 0.717086834734 0.0448179271709
0.158024691358 0.158024691358 0.00987654320988 0.00246913580247 0.632098765432 0.0395061728395
0.428810720268 0.107202680067 0.00670016750419 0.00167504187605 0.428810720268 0.0268006700168
0.305854241338 0.305854241338 0.00477897252091 0.00119474313023 0.305854241338 0.0764635603345
0.430976430976 0.107744107744 0.0016835016835 0.0016835016835 0.430976430976 0.026936026936
0.751835535977 0.0469897209985 0.000734214390602 0.000734214390602 0.187958883994 0.0117474302496
0.923770861525 0.0144339197113 0.000225529995489 0.000225529995489 0.0577356788453 0.00360847992783
0.923146270002 0.0144241604688 0.000225377507325 0.000901510029299 0.0576966418751 0.0036060401172
0.875213675214 0.0547008547009 0.000854700854701 0.000854700854701 0.0547008547009 0.0136752136752
0.750183150183 0.0468864468864 0.000732600732601 0.0029304029304 0.187545787546 0.0117216117216
0.723163841808 0.045197740113 0.00282485875706 0.00282485875706 0.180790960452 0.045197740113
0.779299847793 0.0121765601218 0.00076103500761 0.00076103500761 0.194824961948 0.0121765601218
0.491834774256 0.00768491834774 0.000480307396734 0.000480307396734 0.491834774256 0.00768491834774
0.491127098321 0.00767386091127 0.000479616306954 0.00191846522782 0.491127098321 0.00767386091127
0.469509399358 0.0293443374599 0.000458505272811 0.00183402109124 0.469509399358 0.0293443374599
0.491303826316 0.00767662228619 0.000119947223222 0.00191915557155 0.491303826316 0.00767662228619
0.794375757576 0.00310303030303 4.84848484848e-05 0.000775757575758 0.198593939394 0.00310303030303
0.794375757576 0.00310303030303 4.84848484848e-05 0.000775757575758 0.198593939394 0.00310303030303
0.939220660103 0.000917207675882 1.43313699357e-05 0.00022930191897 0.0587012912564 0.000917207675882
0.983370658384 0.000960322908578 3.75126136163e-06 6.00201817861e-05 0.0153651665372 0.000240080727145
0.940039087013 0.000918006920912 3.58596453481e-06 5.7375432557e-05 0.0587524429383 0.000229501730228
0.166666666667 0.166666666667 0.166666666667 0.166666666667 0.166666666667 0.166666666667
0.0555555555556 0.222222222222 0.222222222222 0.222222222222 0.0555555555556 0.222222222222
0.111111111111 0.111111111111 0.444444444444 0.111111111111 0.111111111111 0.111111111111
0.0833333333333 0.333333333333 0.333333333333 0.0833333333333 0.0833333333333 0.0833333333333
0.121212121212 0.121212121212 0.484848484848 0.121212121212 0.121212121212 0.030303030303
0.280701754386 0.0701754385965 0.280701754386 0.0701754385965 0.280701754386 0.0175438596491
0.166666666667 0.166666666667 0.166666666667 0.166666666667 0.166666666667 0.166666666667
0.0555555555556 0.222222222222 0.222222222222 0.222222222222 0.0555555555556 0.222222222222
0.111111111111 0.111111111111 0.444444444444 0.111111111111 0.111111111111 0.111111111111
0.0833333333333 0.333333333333 0.333333333333 0.0833333333333 0.0833333333333 0.0833333333333
0.121212121212 0.121212121212 0.484848484848 0.121212121212 0.121212121212 0.030303030303
0.280701754386 0.0701754385965 0.280701754386 0.0701754385965 0.280701754386 0.0175438596491
0.166666666667 0.166666666667 0.166666666667 0.166666666667 0.166666666667 0.166666666667
