Price Resolution OpticalZoom DigitalZoom Weight StorageIncluded
0.166666666667 0.166666666667 0.166666666667 0.166666666667 0.166666666667 0.166666666667
0.190476190476 0.047619047619 0.190476190476 0.190476190476 0.190476190476 0.190476190476
0.355555555556 0.0222222222222 0.0888888888889 0.0888888888889 0.355555555556 0.0888888888889
0.166666666667 0.0416666666667 0.0416666666667 0.0416666666667 0.666666666667 0.0416666666667
0.0533333333333 0.0533333333333 0.0133333333333 0.0133333333333 0.853333333333 0.0133333333333
0.183908045977 0.0459770114943 0.0114942528736 0.0114942528736 0.735632183908 0.0114942528736
0.463768115942 0.0289855072464 0.0289855072464 0.00724637681159 0.463768115942 0.00724637681159
0.185507246377 0.0463768115942 0.0115942028986 0.0115942028986 0.742028985507 0.00289855072464
0.476722532588 0.0297951582868 0.00744878957169 0.00744878957169 0.476722532588 0.00186219739292
0.166666666667 0.166666666667 0.166666666667 0.166666666667 0.166666666667 0.166666666667
0.0555555555556 0.222222222222 0.0555555555556 0.222222222222 0.222222222222 0.222222222222
0.0555555555556 0.222222222222 0.0555555555556 0.222222222222 0.222222222222 0.222222222222
0.121212121212 0.121212121212 0.030303030303 0.121212121212 0.484848484848 0.121212121212
0.152380952381 0.0380952380952 0.00952380952381 0.152380952381 0.609523809524 0.0380952380952
0.418300653595 0.0261437908497 0.00653594771242 0.104575163399 0.418300653595 0.0261437908497
0.418300653595 0.0261437908497 0.00653594771242 0.104575163399 0.418300653595 0.0261437908497
0.420361247947 0.0262725779967 0.00164203612479 0.105090311987 0.420361247947 0.0262725779967
0.420361247947 0.0262725779967 0.00164203612479 0.105090311987 0.420361247947 0.0262725779967
0.179649122807 0.0449122807018 0.000701754385965 0.0449122807018 0.718596491228 0.0112280701754
0.466940264478 0.0291837665299 0.000455996352029 0.0291837665299 0.466940264478 0.00729594163247
0.777524677297 0.0121488230828 0.000759301442673 0.0121488230828 0.194381169324 0.00303720577069
0.469509399358 0.0293443374599 0.000458505272811 0.0293443374599 0.469509399358 0.00183402109124
0.466940264478 0.0291837665299 0.000455996352029 0.0291837665299 0.466940264478 0.00729594163247
0.480243873842 0.0300152421151 0.000117247039512 0.00750381052878 0.480243873842 0.0018759526322
0.469670909299 0.0293544318312 0.000114665749341 0.0293544318312 0.469670909299 0.00183465198945
0.431657708926 0.107914427232 0.000105385182843 0.0269786068079 0.431657708926 0.00168616292549
0.7251803656 0.04532377285 4.42614969238e-05 0.04532377285 0.1812950914 0.00283273580312
0.91345738379 0.0142727716217 1.39382535368e-05 0.0142727716217 0.0570910864869 0.000892048226357
0.779884093154 0.0121856889555 1.19000868706e-05 0.0121856889555 0.194971023288 0.000761605559721
0.91346693289 0.0142729208264 3.48459981113e-06 0.0142729208264 0.0570916833056 0.00089205755165
0.779891053732 0.0121857977146 2.97504827016e-06 0.0121857977146 0.194972763433 0.00076161235716
0.166666666667 0.166666666667 0.166666666667 0.166666666667 0.166666666667 0.166666666667
0.0555555555556 0.222222222222 0.0555555555556 0.222222222222 0.222222222222 0.222222222222
0.0555555555556 0.222222222222 0.0555555555556 0.222222222222 0.222222222222 0.222222222222
0.121212121212 0.121212121212 0.030303030303 0.121212121212 0.484848484848 0.121212121212
0.152380952381 0.0380952380952 0.00952380952381 0.152380952381 0.609523809524 0.0380952380952
0.418300653595 0.0261437908497 0.00653594771242 0.104575163399 0.418300653595 0.0261437908497
0.418300653595 0.0261437908497 0.00653594771242 0.104575163399 0.418300653595 0.0261437908497
0.420361247947 0.0262725779967 0.00164203612479 0.105090311987 0.420361247947 0.0262725779967
0.420361247947 0.0262725779967 0.00164203612479 0.105090311987 0.420361247947 0.0262725779967
0.179649122807 0.0449122807018 0.000701754385965 0.0449122807018 0.718596491228 0.0112280701754
0.466940264478 0.0291837665299 0.000455996352029 0.0291837665299 0.466940264478 0.00729594163247
0.777524677297 0.0121488230828 0.000759301442673 0.0121488230828 0.194381169324 0.00303720577069
0.469509399358 0.0293443374599 0.000458505272811 0.0293443374599 0.469509399358 0.00183402109124
0.466940264478 0.0291837665299 0.000455996352029 0.0291837665299 0.466940264478 0.00729594163247
0.480243873842 0.0300152421151 0.000117247039512 0.00750381052878 0.480243873842 0.0018759526322
0.469670909299 0.0293544318312 0.000114665749341 0.0293544318312 0.469670909299 0.00183465198945
0.431657708926 0.107914427232 0.000105385182843 0.0269786068079 0.431657708926 0.00168616292549
0.7251803656 0.04532377285 4.42614969238e-05 0.04532377285 0.1812950914 0.00283273580312
0.91345738379 0.0142727716217 1.39382535368e-05 0.0142727716217 0.0570910864869 0.000892048226357
0.779884093154 0.0121856889555 1.19000868706e-05 0.0121856889555 0.194971023288 0.000761605559721
0.91346693289 0.0142729208264 3.48459981113e-06 0.0142729208264 0.0570916833056 0.00089205755165
0.779891053732 0.0121857977146 2.97504827016e-06 0.0121857977146 0.194972763433 0.00076161235716
0.166666666667 0.166666666667 0.166666666667 0.166666666667 0.166666666667 0.166666666667
0.0555555555556 0.222222222222 0.0555555555556 0.222222222222 0.222222222222 0.222222222222
0.0555555555556 0.222222222222 0.0555555555556 0.222222222222 0.222222222222 0.222222222222
0.121212121212 0.121212121212 0.030303030303 0.121212121212 0.484848484848 0.121212121212
0.152380952381 0.0380952380952 0.00952380952381 0.152380952381 0.609523809524 0.0380952380952
0.418300653595 0.0261437908497 0.00653594771242 0.104575163399 0.418300653595 0.0261437908497
0.418300653595 0.0261437908497 0.00653594771242 0.104575163399 0.418300653595 0.0261437908497
0.420361247947 0.0262725779967 0.00164203612479 0.105090311987 0.420361247947 0.0262725779967
0.420361247947 0.0262725779967 0.00164203612479 0.105090311987 0.420361247947 0.0262725779967
0.179649122807 0.0449122807018 0.000701754385965 0.0449122807018 0.718596491228 0.0112280701754
0.466940264478 0.0291837665299 0.000455996352029 0.0291837665299 0.466940264478 0.00729594163247
0.777524677297 0.0121488230828 0.000759301442673 0.0121488230828 0.194381169324 0.00303720577069
0.469509399358 0.0293443374599 0.000458505272811 0.0293443374599 0.469509399358 0.00183402109124
0.466940264478 0.0291837665299 0.000455996352029 0.0291837665299 0.466940264478 0.00729594163247
0.480243873842 0.0300152421151 0.000117247039512 0.00750381052878 0.480243873842 0.0018759526322
0.469670909299 0.0293544318312 0.000114665749341 0.0293544318312 0.469670909299 0.00183465198945
0.431657708926 0.107914427232 0.000105385182843 0.0269786068079 0.431657708926 0.00168616292549
0.7251803656 0.04532377285 4.42614969238e-05 0.04532377285 0.1812950914 0.00283273580312
0.91345738379 0.0142727716217 1.39382535368e-05 0.0142727716217 0.0570910864869 0.000892048226357
0.91345738379 0.0142727716217 1.39382535368e-05 0.0142727716217 0.0570910864869 0.000892048226357
0.91346693289 0.0142729208264 3.48459981113e-06 0.0142729208264 0.0570916833056 0.00089205755165
0.779891053732 0.0121857977146 2.97504827016e-06 0.0121857977146 0.194972763433 0.00076161235716
0.166666666667 0.166666666667 0.166666666667 0.166666666667 0.166666666667 0.166666666667
0.190476190476 0.047619047619 0.190476190476 0.190476190476 0.190476190476 0.190476190476
0.355555555556 0.0222222222222 0.0888888888889 0.0888888888889 0.355555555556 0.0888888888889
0.166666666667 0.0416666666667 0.0416666666667 0.0416666666667 0.666666666667 0.0416666666667
0.0533333333333 0.0533333333333 0.0133333333333 0.0133333333333 0.853333333333 0.0133333333333
0.183908045977 0.0459770114943 0.0114942528736 0.0114942528736 0.735632183908 0.0114942528736
0.463768115942 0.0289855072464 0.0289855072464 0.00724637681159 0.463768115942 0.00724637681159
0.185507246377 0.0463768115942 0.0115942028986 0.0115942028986 0.742028985507 0.00289855072464
0.476722532588 0.0297951582868 0.00744878957169 0.00744878957169 0.476722532588 0.00186219739292
