Price Resolution OpticalZoom DigitalZoom Weight StorageIncluded
0.166666666667 0.166666666667 0.166666666667 0.166666666667 0.166666666667 0.166666666667
0.0833333333333 0.0833333333333 0.333333333333 0.333333333333 0.0833333333333 0.0833333333333
0.222222222222 0.0555555555556 0.222222222222 0.222222222222 0.222222222222 0.0555555555556
0.380952380952 0.0238095238095 0.0952380952381 0.0952380952381 0.380952380952 0.0238095238095
0.380952380952 0.0238095238095 0.0952380952381 0.0952380952381 0.380952380952 0.0238095238095
0.355555555556 0.0888888888889 0.0888888888889 0.0888888888889 0.355555555556 0.0222222222222
0.231884057971 0.231884057971 0.0579710144928 0.231884057971 0.231884057971 0.0144927536232
0.547008547009 0.136752136752 0.034188034188 0.136752136752 0.136752136752 0.00854700854701
0.387878787879 0.0969696969697 0.0242424242424 0.0969696969697 0.387878787879 0.00606060606061
0.300469483568 0.075117370892 0.018779342723 0.300469483568 0.300469483568 0.00469483568075
0.305854241338 0.0764635603345 0.00477897252091 0.305854241338 0.305854241338 0.00119474313023
0.399220272904 0.0998050682261 0.00155945419103 0.0998050682261 0.399220272904 0.000389863547758
0.166666666667 0.166666666667 0.166666666667 0.166666666667 0.166666666667 0.166666666667
0.266666666667 0.0666666666667 0.266666666667 0.266666666667 0.0666666666667 0.0666666666667
0.533333333333 0.0333333333333 0.133333333333 0.133333333333 0.133333333333 0.0333333333333
0.711111111111 0.0111111111111 0.0444444444444 0.0444444444444 0.177777777778 0.0111111111111
0.426666666667 0.00666666666667 0.0266666666667 0.106666666667 0.426666666667 0.00666666666667
0.162849872774 0.0101781170483 0.0101781170483 0.162849872774 0.651399491094 0.00254452926209
0.158024691358 0.0395061728395 0.00987654320988 0.158024691358 0.632098765432 0.00246913580247
0.187545787546 0.0117216117216 0.0029304029304 0.0468864468864 0.750183150183 0.000732600732601
0.477389277389 0.00745920745921 0.00745920745921 0.0298368298368 0.477389277389 0.0004662004662
0.194491927825 0.0121557454891 0.00303893637227 0.0121557454891 0.777967711301 0.000189933523267
0.196762261613 0.0122976413508 0.000768602584426 0.0030744103377 0.787049046452 4.80376615266e-05
0.188088350094 0.0470220875235 0.000734720117555 0.0117555218809 0.752353400377 4.59200073472e-05
0.188088350094 0.0470220875235 0.000734720117555 0.0117555218809 0.752353400377 4.59200073472e-05
0.166666666667 0.166666666667 0.166666666667 0.166666666667 0.166666666667 0.166666666667
0.266666666667 0.0666666666667 0.266666666667 0.266666666667 0.0666666666667 0.0666666666667
0.533333333333 0.0333333333333 0.133333333333 0.133333333333 0.133333333333 0.0333333333333
0.711111111111 0.0111111111111 0.0444444444444 0.0444444444444 0.177777777778 0.0111111111111
0.426666666667 0.00666666666667 0.0266666666667 0.106666666667 0.426666666667 0.00666666666667
0.162849872774 0.0101781170483 0.0101781170483 0.162849872774 0.651399491094 0.00254452926209
0.158024691358 0.0395061728395 0.00987654320988 0.158024691358 0.632098765432 0.00246913580247
0.187545787546 0.0117216117216 0.0029304029304 0.0468864468864 0.750183150183 0.000732600732601
0.477389277389 0.00745920745921 0.00745920745921 0.0298368298368 0.477389277389 0.0004662004662
0.194491927825 0.0121557454891 0.00303893637227 0.0121557454891 0.777967711301 0.000189933523267
0.196762261613 0.0122976413508 0.000768602584426 0.0030744103377 0.787049046452 4.80376615266e-05
0.188088350094 0.0470220875235 0.000734720117555 0.0117555218809 0.752353400377 4.59200073472e-05
0.188088350094 0.0470220875235 0.000734720117555 0.0117555218809 0.752353400377 4.59200073472e-05
0.166666666667 0.166666666667 0.166666666667 0.166666666667 0.166666666667 0.166666666667
0.0666666666667 0.266666666667 0.266666666667 0.266666666667 0.0666666666667 0.0666666666667
0.121212121212 0.484848484848 0.121212121212 0.121212121212 0.121212121212 0.030303030303
0.172043010753 0.688172043011 0.0430107526882 0.0430107526882 0.0430107526882 0.010752688172
0.418300653595 0.418300653595 0.0261437908497 0.0261437908497 0.104575163399 0.00653594771242
0.387878787879 0.387878787879 0.0242424242424 0.0969696969697 0.0969696969697 0.00606060606061
0.300469483568 0.300469483568 0.018779342723 0.300469483568 0.075117370892 0.00469483568075
0.420361247947 0.105090311987 0.0262725779967 0.420361247947 0.0262725779967 0.00164203612479
0.301531213192 0.301531213192 0.0188457008245 0.301531213192 0.075382803298 0.00117785630153
0.141514648977 0.566058595909 0.00884466556108 0.141514648977 0.141514648977 0.000552791597568
0.18127102142 0.725084085679 0.00283235970968 0.0453177553549 0.0453177553549 0.000177022481855
0.166666666667 0.166666666667 0.166666666667 0.166666666667 0.166666666667 0.166666666667
0.0833333333333 0.0833333333333 0.333333333333 0.333333333333 0.0833333333333 0.0833333333333
0.222222222222 0.0555555555556 0.222222222222 0.222222222222 0.222222222222 0.0555555555556
0.380952380952 0.0238095238095 0.0952380952381 0.0952380952381 0.380952380952 0.0238095238095
0.627450980392 0.00980392156863 0.0392156862745 0.156862745098 0.156862745098 0.00980392156863
0.323232323232 0.00505050505051 0.020202020202 0.323232323232 0.323232323232 0.00505050505051
0.318407960199 0.0199004975124 0.0199004975124 0.318407960199 0.318407960199 0.00497512437811
0.300469483568 0.075117370892 0.018779342723 0.300469483568 0.300469483568 0.00469483568075
0.428810720268 0.0268006700168 0.00670016750419 0.107202680067 0.428810720268 0.00167504187605
0.657675016057 0.0102761721259 0.00256904303147 0.164418754014 0.164418754014 0.000642260757868
0.431521281079 0.0269700800674 0.00168563000421 0.431521281079 0.10788032027 0.000421407501054
0.431521281079 0.0269700800674 0.00168563000421 0.431521281079 0.10788032027 0.000421407501054
0.750595565329 0.0117280557083 0.00293201392707 0.187648891332 0.0469122228331 0.000183250870442
0.875915530607 0.0136861801657 0.000855386260358 0.0547447206629 0.0547447206629 5.34616412724e-05
0.752353400377 0.0117555218809 0.000734720117555 0.188088350094 0.0470220875235 4.59200073472e-05
0.752353400377 0.0117555218809 0.000734720117555 0.188088350094 0.0470220875235 4.59200073472e-05
0.91345738379 0.0142727716217 0.000892048226357 0.0570910864869 0.0142727716217 1.39382535368e-05
0.875950652926 0.013686728952 0.000855420559499 0.0547469158079 0.0547469158079 1.33659462422e-05
0.885618629667 0.00345944777214 0.000216215485758 0.0553511643542 0.0553511643542 3.37836696498e-06
0.885618629667 0.00345944777214 0.000216215485758 0.0553511643542 0.0553511643542 3.37836696498e-06
