Price Resolution OpticalZoom DigitalZoom Weight StorageIncluded
0.166666666667 0.166666666667 0.166666666667 0.166666666667 0.166666666667 0.166666666667
0.194444444444 0.194444444444 0.0277777777778 0.194444444444 0.194444444444 0.194444444444
0.194444444444 0.194444444444 0.0277777777778 0.194444444444 0.194444444444 0.194444444444
0.0972222222222 0.0972222222222 0.513888888889 0.0972222222222 0.0972222222222 0.0972222222222
0.0486111111111 0.0486111111111 0.256944444444 0.0486111111111 0.548611111111 0.0486111111111
0.262152777778 0.0121527777778 0.0642361111111 0.262152777778 0.387152777778 0.0121527777778
0.0655381944444 0.253038194444 0.0160590277778 0.0655381944444 0.346788194444 0.253038194444
0.0218460648148 0.417679398148 0.00535300925926 0.0218460648148 0.448929398148 0.0843460648148
0.0109230324074 0.208839699074 0.50267650463 0.0109230324074 0.224464699074 0.0421730324074
0.336974344136 0.0696132330247 0.167558834877 0.00364101080247 0.408154899691 0.0140576774691
0.267394868827 0.213922646605 0.233511766975 0.000728202160494 0.281630979938 0.00281153549383
0.267394868827 0.213922646605 0.233511766975 0.000728202160494 0.281630979938 0.00281153549383
0.422464956276 0.0713075488683 0.0778372556584 0.000242734053498 0.0938769933128 0.334270511831
0.140821652092 0.357102516289 0.0259457518861 8.0911351166e-05 0.364625664438 0.111423503944
0.228164330418 0.271420503258 0.00518915037723 0.20001618227 0.0729251328875 0.222284700789
0.614082165209 0.135710251629 0.00259457518861 0.100008091135 0.0364625664438 0.111142350394
0.614082165209 0.135710251629 0.00259457518861 0.100008091135 0.0364625664438 0.111142350394
0.269013694202 0.189285041938 0.000432429198102 0.183334681856 0.172743761074 0.185190391732
0.0896712314005 0.396428347313 0.000144143066034 0.0611115606186 0.0575812536913 0.395063463911
0.27241780785 0.0991070868282 3.60357665085e-05 0.265277890155 0.264395313423 0.0987658659777
0.05448356157 0.219821417366 0.200007207153 0.253055578031 0.252879062685 0.0197531731955
0.527241780785 0.109910708683 0.100003603577 0.126527789015 0.126439531342 0.00987658659777
0.305448356157 0.221982141737 0.0200007207153 0.225305557803 0.225287906268 0.00197531731955
0.101816118719 0.407327380579 0.00666690690511 0.075101852601 0.0750959687562 0.33399177244
0.0339387062397 0.46910912686 0.0022223023017 0.025033950867 0.358365322919 0.111330590813
0.344646235413 0.156369708953 0.000740767433901 0.008344650289 0.452788440973 0.0371101969378
0.672323117707 0.0781848544766 0.000370383716951 0.0041723251445 0.226394220486 0.0185550984689
0.672323117707 0.0781848544766 0.000370383716951 0.0041723251445 0.226394220486 0.0185550984689
0.224107705902 0.359394951492 0.000123461238984 0.00139077504817 0.0754647401622 0.339518366156
0.166666666667 0.166666666667 0.166666666667 0.166666666667 0.166666666667 0.166666666667
0.233333333333 0.233333333333 0.0333333333333 0.233333333333 0.233333333333 0.0333333333333
0.233333333333 0.233333333333 0.0333333333333 0.233333333333 0.233333333333 0.0333333333333
0.411111111111 0.0777777777778 0.0111111111111 0.0777777777778 0.411111111111 0.0111111111111
0.352777777778 0.0194444444444 0.00277777777778 0.269444444444 0.352777777778 0.00277777777778
0.0881944444444 0.254861111111 0.250694444444 0.0673611111111 0.0881944444444 0.250694444444
0.0440972222222 0.127430555556 0.125347222222 0.0336805555556 0.544097222222 0.125347222222
0.208819444444 0.225486111111 0.0250694444444 0.00673611111111 0.308819444444 0.225069444444
0.208819444444 0.225486111111 0.0250694444444 0.00673611111111 0.308819444444 0.225069444444
0.402939814815 0.075162037037 0.00835648148148 0.00224537037037 0.436273148148 0.0750231481481
0.134313271605 0.358387345679 0.00278549382716 0.000748456790123 0.145424382716 0.358341049383
0.226862654321 0.271677469136 0.000557098765432 0.200149691358 0.229084876543 0.0716682098765
0.30671566358 0.067919367284 0.000139274691358 0.30003742284 0.0572712191358 0.267917052469
0.65335783179 0.033959683642 6.9637345679e-05 0.15001871142 0.0286356095679 0.133958526235
0.65335783179 0.033959683642 6.9637345679e-05 0.15001871142 0.0286356095679 0.133958526235
0.330671566358 0.0067919367284 1.39274691358e-05 0.230003742284 0.205727121914 0.226791705247
0.110223855453 0.335597312243 4.64248971193e-06 0.0766679140947 0.401909040638 0.0755972350823
0.0367412851509 0.111865770748 1.54749657064e-06 0.358889304698 0.467303013546 0.0251990783608
0.0122470950503 0.370621923583 5.15832190215e-07 0.119629768233 0.155767671182 0.34173302612
0.33741569835 0.123540641194 1.71944063405e-07 0.0398765894109 0.385255890394 0.113911008707
0.26748313967 0.224708128239 3.4388812681e-08 0.207975317882 0.277051178079 0.0227822017414
0.0891610465567 0.408236042746 1.14629375603e-08 0.0693251059607 0.0923503926929 0.34092740058
0.0297203488522 0.469412014249 3.82097918678e-09 0.0231083686536 0.364116797564 0.11364246686
0.343240116284 0.156470671416 1.27365972893e-09 0.00770278955119 0.454705599188 0.0378808222867
0.671620058142 0.0782353357081 6.36829864463e-10 0.0038513947756 0.227352799594 0.0189404111434
0.223873352714 0.026078445236 2.12276621488e-10 0.334617131592 0.409117599865 0.00631347038112
0.0746244509047 0.342026148412 7.07588738292e-11 0.111539043864 0.136372533288 0.33543782346
0.166666666667 0.166666666667 0.166666666667 0.166666666667 0.166666666667 0.166666666667
0.0416666666667 0.291666666667 0.291666666667 0.0416666666667 0.0416666666667 0.291666666667
0.260416666667 0.0729166666667 0.322916666667 0.0104166666667 0.260416666667 0.0729166666667
0.0868055555556 0.357638888889 0.107638888889 0.00347222222222 0.420138888889 0.0243055555556
0.0289351851852 0.452546296296 0.0358796296296 0.00115740740741 0.140046296296 0.341435185185
0.257233796296 0.113136574074 0.00896990740741 0.250289351852 0.285011574074 0.0853587962963
0.257233796296 0.113136574074 0.00896990740741 0.250289351852 0.285011574074 0.0853587962963
0.419077932099 0.037712191358 0.0029899691358 0.0834297839506 0.428337191358 0.0284529320988
0.139692644033 0.345904063786 0.000996656378601 0.0278099279835 0.142779063786 0.342817644033
0.227938528807 0.269180812757 0.00019933127572 0.205561985597 0.228555812757 0.0685635288066
0.245587705761 0.0538361625514 0.200039866255 0.241112397119 0.245711162551 0.0137127057613
0.41519590192 0.0179453875171 0.0666799554184 0.0803707990398 0.415237054184 0.00457090192044
0.20759795096 0.508972693759 0.0333399777092 0.0401853995199 0.207618527092 0.00228545096022
0.0691993169867 0.50299089792 0.0111133259031 0.0133951331733 0.0692061756973 0.33409515032
0.0230664389956 0.500996965973 0.00370444196769 0.0044650443911 0.356402058566 0.111365050107
0.511533219498 0.250498482987 0.00185222098384 0.00223252219555 0.178201029283 0.0556825250533
0.127883304874 0.312624620747 0.000463055245961 0.000558130548887 0.294550257321 0.263920631263
0.166666666667 0.166666666667 0.166666666667 0.166666666667 0.166666666667 0.166666666667
0.233333333333 0.233333333333 0.0333333333333 0.233333333333 0.233333333333 0.0333333333333
0.233333333333 0.233333333333 0.0333333333333 0.233333333333 0.233333333333 0.0333333333333
0.411111111111 0.0777777777778 0.0111111111111 0.0777777777778 0.411111111111 0.0111111111111
0.352777777778 0.0194444444444 0.00277777777778 0.269444444444 0.352777777778 0.00277777777778
0.0881944444444 0.254861111111 0.250694444444 0.0673611111111 0.0881944444444 0.250694444444
0.0440972222222 0.127430555556 0.125347222222 0.0336805555556 0.544097222222 0.125347222222
0.208819444444 0.225486111111 0.0250694444444 0.00673611111111 0.308819444444 0.225069444444
0.208819444444 0.225486111111 0.0250694444444 0.00673611111111 0.308819444444 0.225069444444
0.402939814815 0.075162037037 0.00835648148148 0.00224537037037 0.436273148148 0.0750231481481
0.134313271605 0.358387345679 0.00278549382716 0.000748456790123 0.145424382716 0.358341049383
0.226862654321 0.271677469136 0.000557098765432 0.200149691358 0.229084876543 0.0716682098765
0.30671566358 0.067919367284 0.000139274691358 0.30003742284 0.0572712191358 0.267917052469
0.65335783179 0.033959683642 6.9637345679e-05 0.15001871142 0.0286356095679 0.133958526235
0.65335783179 0.033959683642 6.9637345679e-05 0.15001871142 0.0286356095679 0.133958526235
0.330671566358 0.0067919367284 1.39274691358e-05 0.230003742284 0.205727121914 0.226791705247
0.110223855453 0.335597312243 4.64248971193e-06 0.0766679140947 0.401909040638 0.0755972350823
0.0367412851509 0.111865770748 1.54749657064e-06 0.358889304698 0.467303013546 0.0251990783608
0.0122470950503 0.370621923583 5.15832190215e-07 0.119629768233 0.155767671182 0.34173302612
0.33741569835 0.123540641194 1.71944063405e-07 0.0398765894109 0.385255890394 0.113911008707
0.26748313967 0.224708128239 3.4388812681e-08 0.207975317882 0.277051178079 0.0227822017414
0.0891610465567 0.408236042746 1.14629375603e-08 0.0693251059607 0.0923503926929 0.34092740058
0.0297203488522 0.469412014249 3.82097918678e-09 0.0231083686536 0.364116797564 0.11364246686
0.343240116284 0.156470671416 1.27365972893e-09 0.00770278955119 0.454705599188 0.0378808222867
0.671620058142 0.0782353357081 6.36829864463e-10 0.0038513947756 0.227352799594 0.0189404111434
0.223873352714 0.026078445236 2.12276621488e-10 0.334617131592 0.409117599865 0.00631347038112
0.0746244509047 0.342026148412 7.07588738292e-11 0.111539043864 0.136372533288 0.33543782346
0.166666666667 0.166666666667 0.166666666667 0.166666666667 0.166666666667 0.166666666667
