Price Resolution OpticalZoom DigitalZoom Weight StorageIncluded
0.166666666667 0.166666666667 0.166666666667 0.166666666667 0.166666666667 0.166666666667
0.0416666666667 0.291666666667 0.291666666667 0.0416666666667 0.0416666666667 0.291666666667
0.260416666667 0.0729166666667 0.322916666667 0.0104166666667 0.260416666667 0.0729166666667
0.0868055555556 0.357638888889 0.107638888889 0.00347222222222 0.420138888889 0.0243055555556
0.0289351851852 0.452546296296 0.0358796296296 0.00115740740741 0.140046296296 0.341435185185
0.257233796296 0.113136574074 0.00896990740741 0.250289351852 0.285011574074 0.0853587962963
0.257233796296 0.113136574074 0.00896990740741 0.250289351852 0.285011574074 0.0853587962963
0.419077932099 0.037712191358 0.0029899691358 0.0834297839506 0.428337191358 0.0284529320988
0.139692644033 0.345904063786 0.000996656378601 0.0278099279835 0.142779063786 0.342817644033
0.227938528807 0.269180812757 0.00019933127572 0.205561985597 0.228555812757 0.0685635288066
0.245587705761 0.0538361625514 0.200039866255 0.241112397119 0.245711162551 0.0137127057613
0.41519590192 0.0179453875171 0.0666799554184 0.0803707990398 0.415237054184 0.00457090192044
0.20759795096 0.508972693759 0.0333399777092 0.0401853995199 0.207618527092 0.00228545096022
0.0691993169867 0.50299089792 0.0111133259031 0.0133951331733 0.0692061756973 0.33409515032
0.267299829247 0.37574772448 0.00277833147577 0.00334878329332 0.267301543924 0.08352378758
0.633649914623 0.18787386224 0.00138916573788 0.00167439164666 0.133650771962 0.04176189379
0.158412478656 0.29696846556 0.000347291434471 0.000418597911666 0.283412692991 0.260440473448
0.166666666667 0.166666666667 0.166666666667 0.166666666667 0.166666666667 0.166666666667
0.0416666666667 0.291666666667 0.291666666667 0.0416666666667 0.0416666666667 0.291666666667
0.260416666667 0.0729166666667 0.322916666667 0.0104166666667 0.260416666667 0.0729166666667
0.0868055555556 0.357638888889 0.107638888889 0.00347222222222 0.420138888889 0.0243055555556
0.0289351851852 0.452546296296 0.0358796296296 0.00115740740741 0.140046296296 0.341435185185
0.257233796296 0.113136574074 0.00896990740741 0.250289351852 0.285011574074 0.0853587962963
0.257233796296 0.113136574074 0.00896990740741 0.250289351852 0.285011574074 0.0853587962963
0.419077932099 0.037712191358 0.0029899691358 0.0834297839506 0.428337191358 0.0284529320988
0.139692644033 0.345904063786 0.000996656378601 0.0278099279835 0.142779063786 0.342817644033
0.227938528807 0.269180812757 0.00019933127572 0.205561985597 0.228555812757 0.0685635288066
0.245587705761 0.0538361625514 0.200039866255 0.241112397119 0.245711162551 0.0137127057613
0.41519590192 0.0179453875171 0.0666799554184 0.0803707990398 0.415237054184 0.00457090192044
0.20759795096 0.508972693759 0.0333399777092 0.0401853995199 0.207618527092 0.00228545096022
0.0691993169867 0.50299089792 0.0111133259031 0.0133951331733 0.0692061756973 0.33409515032
0.0230664389956 0.500996965973 0.00370444196769 0.0044650443911 0.356402058566 0.111365050107
0.511533219498 0.250498482987 0.00185222098384 0.00223252219555 0.178201029283 0.0556825250533
0.166666666667 0.166666666667 0.166666666667 0.166666666667 0.166666666667 0.166666666667
0.0333333333333 0.233333333333 0.0333333333333 0.233333333333 0.233333333333 0.233333333333
0.0333333333333 0.233333333333 0.0333333333333 0.233333333333 0.233333333333 0.233333333333
0.344444444444 0.0777777777778 0.0111111111111 0.0777777777778 0.411111111111 0.0777777777778
0.336111111111 0.0194444444444 0.00277777777778 0.269444444444 0.352777777778 0.0194444444444
0.168055555556 0.509722222222 0.00138888888889 0.134722222222 0.176388888889 0.00972222222222
0.168055555556 0.509722222222 0.00138888888889 0.134722222222 0.176388888889 0.00972222222222
0.233611111111 0.301944444444 0.000277777777778 0.0269444444444 0.235277777778 0.201944444444
0.233611111111 0.301944444444 0.000277777777778 0.0269444444444 0.235277777778 0.201944444444
0.411203703704 0.100648148148 9.25925925926e-05 0.00898148148148 0.411759259259 0.0673148148148
0.352800925926 0.275162037037 2.31481481481e-05 0.00224537037037 0.352939814815 0.0168287037037
0.117600308642 0.425054012346 7.71604938272e-06 0.334081790123 0.117646604938 0.00560956790123
0.0392001028807 0.475018004115 2.57201646091e-06 0.111360596708 0.372548868313 0.00186985596708
0.0196000514403 0.237509002058 1.28600823045e-06 0.0556802983539 0.186274434156 0.500934927984
0.339866683813 0.0791696673525 4.28669410151e-07 0.0185600994513 0.395424811385 0.166978309328
0.446622227938 0.0263898891175 1.42889803384e-07 0.0061866998171 0.465141603795 0.0556594364426
0.446622227938 0.0263898891175 1.42889803384e-07 0.0061866998171 0.465141603795 0.0556594364426
0.148874075979 0.342129963039 0.333333380963 0.00206223327237 0.155047201265 0.0185531454809
0.0496246919931 0.447376654346 0.111111126988 0.000687411090789 0.0516824004217 0.33951771516
0.524812345997 0.223688327173 0.0555555634939 0.000343705545395 0.0258412002108 0.16975885758
0.174937448666 0.0745627757244 0.0185185211646 0.000114568515132 0.341947066737 0.389919619193
0.166666666667 0.166666666667 0.166666666667 0.166666666667 0.166666666667 0.166666666667
0.166666666667 0.166666666667 0.166666666667 0.166666666667 0.166666666667 0.166666666667
0.233333333333 0.233333333333 0.0333333333333 0.233333333333 0.233333333333 0.0333333333333
0.233333333333 0.233333333333 0.0333333333333 0.233333333333 0.233333333333 0.0333333333333
0.411111111111 0.0777777777778 0.0111111111111 0.0777777777778 0.411111111111 0.0111111111111
0.352777777778 0.0194444444444 0.00277777777778 0.269444444444 0.352777777778 0.00277777777778
0.0881944444444 0.254861111111 0.250694444444 0.0673611111111 0.0881944444444 0.250694444444
0.0440972222222 0.127430555556 0.125347222222 0.0336805555556 0.544097222222 0.125347222222
0.208819444444 0.225486111111 0.0250694444444 0.00673611111111 0.308819444444 0.225069444444
0.208819444444 0.225486111111 0.0250694444444 0.00673611111111 0.308819444444 0.225069444444
0.402939814815 0.075162037037 0.00835648148148 0.00224537037037 0.436273148148 0.0750231481481
0.134313271605 0.358387345679 0.00278549382716 0.000748456790123 0.145424382716 0.358341049383
0.226862654321 0.271677469136 0.000557098765432 0.200149691358 0.229084876543 0.0716682098765
0.30671566358 0.067919367284 0.000139274691358 0.30003742284 0.0572712191358 0.267917052469
0.65335783179 0.033959683642 6.9637345679e-05 0.15001871142 0.0286356095679 0.133958526235
0.65335783179 0.033959683642 6.9637345679e-05 0.15001871142 0.0286356095679 0.133958526235
0.330671566358 0.0067919367284 1.39274691358e-05 0.230003742284 0.205727121914 0.226791705247
0.0826678915895 0.251697984182 0.250003481867 0.307500935571 0.0514317804784 0.0566979263117
0.0206669728974 0.312924496046 0.0625008704668 0.0768752338927 0.26285794512 0.264174481578
0.340222324299 0.104308165349 0.0208336234889 0.0256250779642 0.420952648373 0.088058160526
0.17011116215 0.0521540826743 0.0104168117445 0.0128125389821 0.210476324187 0.544029080263
0.0340222324299 0.210430816535 0.00208336234889 0.202562507796 0.242095264837 0.308805816053
0.344674077477 0.403476938845 0.000694454116298 0.0675208359321 0.0806984216124 0.102935272018
0.448224692492 0.134492312948 0.000231484705433 0.0225069453107 0.360232807204 0.0343117573392
0.448224692492 0.134492312948 0.000231484705433 0.0225069453107 0.360232807204 0.0343117573392
0.482741564164 0.0448307709828 7.71615684776e-05 0.00750231510357 0.453410935735 0.0114372524464
0.241370782082 0.522415385491 3.85807842388e-05 0.00375115755179 0.226705467867 0.0057186262232
