Price Resolution OpticalZoom DigitalZoom Weight StorageIncluded
0.166666666667 0.166666666667 0.166666666667 0.166666666667 0.166666666667 0.166666666667
0.266666666667 0.266666666667 0.0666666666667 0.266666666667 0.0666666666667 0.0666666666667
0.266666666667 0.266666666667 0.0666666666667 0.266666666667 0.0666666666667 0.0666666666667
0.533333333333 0.133333333333 0.0333333333333 0.133333333333 0.133333333333 0.0333333333333
0.242424242424 0.242424242424 0.0151515151515 0.242424242424 0.242424242424 0.0151515151515
0.0969696969697 0.387878787879 0.0242424242424 0.0969696969697 0.387878787879 0.00606060606061
0.0969696969697 0.387878787879 0.0242424242424 0.0969696969697 0.387878787879 0.00606060606061
0.106666666667 0.426666666667 0.00666666666667 0.0266666666667 0.426666666667 0.00666666666667
0.166666666667 0.166666666667 0.166666666667 0.166666666667 0.166666666667 0.166666666667
0.166666666667 0.166666666667 0.166666666667 0.166666666667 0.166666666667 0.166666666667
0.190476190476 0.190476190476 0.047619047619 0.190476190476 0.190476190476 0.190476190476
0.166666666667 0.166666666667 0.166666666667 0.166666666667 0.166666666667 0.166666666667
0.190476190476 0.190476190476 0.190476190476 0.190476190476 0.047619047619 0.190476190476
0.166666666667 0.166666666667 0.166666666667 0.166666666667 0.166666666667 0.166666666667
0.333333333333 0.0833333333333 0.0833333333333 0.0833333333333 0.333333333333 0.0833333333333
0.666666666667 0.0416666666667 0.0416666666667 0.0416666666667 0.166666666667 0.0416666666667
0.761904761905 0.0119047619048 0.0119047619048 0.0119047619048 0.190476190476 0.0119047619048
0.735632183908 0.0114942528736 0.0459770114943 0.0114942528736 0.183908045977 0.0114942528736
0.627450980392 0.0392156862745 0.156862745098 0.00980392156863 0.156862745098 0.00980392156863
0.717086834734 0.0448179271709 0.0448179271709 0.0112044817927 0.179271708683 0.00280112044818
0.743645606391 0.0464778503994 0.0116194625999 0.0116194625999 0.185911401598 0.000726216412491
0.785125551083 0.0122675867357 0.00306689668392 0.00306689668392 0.196281387771 0.000191681042745
0.757256424478 0.0473285265299 0.00295803290812 0.00295803290812 0.189314106119 0.000184877056757
0.4405722276 0.1101430569 0.00172098526406 0.00688394105625 0.4405722276 0.000107561579004
0.441177262568 0.110294315642 0.000430837170477 0.00689339472763 0.441177262568 2.69273231548e-05
0.441177262568 0.110294315642 0.000430837170477 0.00689339472763 0.441177262568 2.69273231548e-05
0.331472040139 0.331472040139 0.000323703164198 0.00517925062717 0.331472040139 8.09257910496e-05
0.166666666667 0.166666666667 0.166666666667 0.166666666667 0.166666666667 0.166666666667
0.190476190476 0.190476190476 0.047619047619 0.190476190476 0.190476190476 0.190476190476
