Price Resolution OpticalZoom DigitalZoom Weight StorageIncluded
0.166666666667 0.166666666667 0.166666666667 0.166666666667 0.166666666667 0.166666666667
0.166666666667 0.166666666667 0.166666666667 0.166666666667 0.166666666667 0.166666666667
0.0555555555556 0.222222222222 0.222222222222 0.222222222222 0.0555555555556 0.222222222222
0.0555555555556 0.222222222222 0.222222222222 0.222222222222 0.0555555555556 0.222222222222
0.190476190476 0.190476190476 0.190476190476 0.190476190476 0.047619047619 0.190476190476
0.484848484848 0.121212121212 0.121212121212 0.121212121212 0.030303030303 0.121212121212
0.266666666667 0.266666666667 0.0666666666667 0.266666666667 0.0666666666667 0.0666666666667
0.410256410256 0.102564102564 0.025641025641 0.410256410256 0.025641025641 0.025641025641
0.711111111111 0.0444444444444 0.0111111111111 0.177777777778 0.0444444444444 0.0111111111111
0.717086834734 0.0448179271709 0.00280112044818 0.179271708683 0.0448179271709 0.0112044817927
0.389649923896 0.0974124809741 0.00152207001522 0.389649923896 0.0974124809741 0.0243531202435
0.387878787879 0.0969696969697 0.00606060606061 0.387878787879 0.0969696969697 0.0242424242424
0.166666666667 0.166666666667 0.166666666667 0.166666666667 0.166666666667 0.166666666667
0.190476190476 0.047619047619 0.190476190476 0.190476190476 0.190476190476 0.190476190476
0.190476190476 0.047619047619 0.190476190476 0.190476190476 0.190476190476 0.190476190476
0.355555555556 0.0222222222222 0.0888888888889 0.0888888888889 0.355555555556 0.0888888888889
0.418300653595 0.00653594771242 0.0261437908497 0.104575163399 0.418300653595 0.0261437908497
0.355555555556 0.0222222222222 0.0888888888889 0.0888888888889 0.355555555556 0.0888888888889
0.355555555556 0.0222222222222 0.0888888888889 0.0888888888889 0.355555555556 0.0888888888889
0.190476190476 0.047619047619 0.190476190476 0.190476190476 0.190476190476 0.190476190476
0.355555555556 0.0222222222222 0.0888888888889 0.0888888888889 0.355555555556 0.0888888888889
0.152380952381 0.00952380952381 0.152380952381 0.0380952380952 0.609523809524 0.0380952380952
0.156862745098 0.00980392156863 0.156862745098 0.0392156862745 0.627450980392 0.00980392156863
0.156862745098 0.00980392156863 0.156862745098 0.0392156862745 0.627450980392 0.00980392156863
0.177777777778 0.0111111111111 0.0444444444444 0.0444444444444 0.711111111111 0.0111111111111
0.156862745098 0.00980392156863 0.156862745098 0.0392156862745 0.627450980392 0.00980392156863
0.185507246377 0.0115942028986 0.0463768115942 0.0115942028986 0.742028985507 0.00289855072464
0.196168582375 0.00306513409962 0.0122605363985 0.00306513409962 0.784674329502 0.000766283524904
0.185911401598 0.0116194625999 0.0464778503994 0.0116194625999 0.743645606391 0.000726216412491
0.179649122807 0.0449122807018 0.0449122807018 0.0112280701754 0.718596491228 0.000701754385965
0.137856758212 0.137856758212 0.137856758212 0.034464189553 0.551427032849 0.000538502961766
0.0384557608532 0.153823043413 0.153823043413 0.0384557608532 0.615292173652 0.000150217815833
0.0263130845925 0.421009353479 0.10525233837 0.0263130845925 0.421009353479 0.000102785486689
0.0975516814328 0.390206725731 0.0975516814328 0.0243879203582 0.390206725731 9.52653138992e-05
0.0285682401518 0.457091842428 0.0285682401518 0.0285682401518 0.457091842428 0.000111594688093
0.10525233837 0.421009353479 0.0263130845925 0.0263130845925 0.421009353479 0.000102785486689
0.10525233837 0.421009353479 0.0263130845925 0.0263130845925 0.421009353479 0.000102785486689
0.0291937507127 0.467100011404 0.00729843767818 0.0291937507127 0.467100011404 0.000114038088722
0.166666666667 0.166666666667 0.166666666667 0.166666666667 0.166666666667 0.166666666667
0.166666666667 0.166666666667 0.166666666667 0.166666666667 0.166666666667 0.166666666667
0.166666666667 0.166666666667 0.166666666667 0.166666666667 0.166666666667 0.166666666667
0.0666666666667 0.266666666667 0.266666666667 0.0666666666667 0.0666666666667 0.266666666667
0.0666666666667 0.266666666667 0.266666666667 0.0666666666667 0.0666666666667 0.266666666667
0.222222222222 0.222222222222 0.222222222222 0.0555555555556 0.0555555555556 0.222222222222
0.533333333333 0.133333333333 0.133333333333 0.0333333333333 0.0333333333333 0.133333333333
0.333333333333 0.333333333333 0.0833333333333 0.0833333333333 0.0833333333333 0.0833333333333
0.190476190476 0.190476190476 0.190476190476 0.047619047619 0.190476190476 0.190476190476
0.231884057971 0.231884057971 0.231884057971 0.0144927536232 0.231884057971 0.0579710144928
0.0888888888889 0.355555555556 0.0888888888889 0.0222222222222 0.355555555556 0.0888888888889
0.0380952380952 0.609523809524 0.152380952381 0.00952380952381 0.152380952381 0.0380952380952
0.0969696969697 0.387878787879 0.0969696969697 0.00606060606061 0.387878787879 0.0242424242424
0.0392156862745 0.627450980392 0.156862745098 0.00980392156863 0.156862745098 0.00980392156863
0.166666666667 0.166666666667 0.166666666667 0.166666666667 0.166666666667 0.166666666667
0.047619047619 0.190476190476 0.190476190476 0.190476190476 0.190476190476 0.190476190476
0.047619047619 0.190476190476 0.190476190476 0.190476190476 0.190476190476 0.190476190476
0.0666666666667 0.0666666666667 0.266666666667 0.266666666667 0.266666666667 0.0666666666667
0.047619047619 0.190476190476 0.190476190476 0.190476190476 0.190476190476 0.190476190476
0.0833333333333 0.0833333333333 0.333333333333 0.0833333333333 0.333333333333 0.0833333333333
0.0416666666667 0.0416666666667 0.166666666667 0.0416666666667 0.666666666667 0.0416666666667
0.0493827160494 0.0493827160494 0.0493827160494 0.0123456790123 0.79012345679 0.0493827160494
0.0430107526882 0.172043010753 0.0430107526882 0.010752688172 0.688172043011 0.0430107526882
0.0416666666667 0.166666666667 0.0416666666667 0.0416666666667 0.666666666667 0.0416666666667
0.0430107526882 0.172043010753 0.0430107526882 0.010752688172 0.688172043011 0.0430107526882
0.136752136752 0.136752136752 0.136752136752 0.00854700854701 0.547008547009 0.034188034188
0.179271708683 0.0448179271709 0.0448179271709 0.00280112044818 0.717086834734 0.0112044817927
0.466302367942 0.0291438979964 0.0291438979964 0.00182149362477 0.466302367942 0.00728597449909
0.418300653595 0.104575163399 0.0261437908497 0.00653594771242 0.418300653595 0.0261437908497
0.162849872774 0.162849872774 0.0101781170483 0.00254452926209 0.651399491094 0.0101781170483
0.188790560472 0.047197640118 0.00294985250737 0.00294985250737 0.755162241888 0.00294985250737
0.482109227872 0.030131826742 0.00188323917137 0.00188323917137 0.482109227872 0.00188323917137
0.437606837607 0.109401709402 0.00683760683761 0.00683760683761 0.437606837607 0.0017094017094
0.329472329472 0.329472329472 0.00514800514801 0.00514800514801 0.329472329472 0.001287001287
0.16569579288 0.662783171521 0.00258899676375 0.00258899676375 0.16569579288 0.000647249190939
0.163161249203 0.652644996813 0.0101975780752 0.0101975780752 0.163161249203 0.0006373486297
0.438168592212 0.438168592212 0.00684638425332 0.00684638425332 0.109542148053 0.000427899015832
0.164497991968 0.657991967871 0.0025702811245 0.010281124498 0.164497991968 0.000160642570281
0.331150456787 0.331150456787 0.00129355647182 0.0051742258873 0.331150456787 8.0847279489e-05
0.332784920683 0.332784920683 0.000324985274105 0.00129994109642 0.332784920683 2.03115796315e-05
0.331170537465 0.331170537465 0.00129363491197 0.00517453964789 0.331170537465 2.02130454996e-05
0.16579639749 0.663185589962 0.00259056871079 0.00259056871079 0.16579639749 4.04776361061e-05
0.332460786104 0.332460786104 0.00129867494572 0.00129867494572 0.332460786104 2.02917960269e-05
0.442903581156 0.110725895289 0.00173009211389 0.00173009211389 0.442903581156 6.75817231988e-06
0.442903581156 0.110725895289 0.00173009211389 0.00173009211389 0.442903581156 6.75817231988e-06
0.329890264774 0.329890264774 0.00515453538709 0.00515453538709 0.329890264774 2.01349038558e-05
0.165801430928 0.165801430928 0.00259064735825 0.00259064735825 0.663205723712 1.01197162432e-05
0.331175558015 0.331175558015 0.0012936545235 0.00517461809398 0.331175558015 5.0533379824e-06
0.166666666667 0.166666666667 0.166666666667 0.166666666667 0.166666666667 0.166666666667
0.0666666666667 0.266666666667 0.266666666667 0.0666666666667 0.0666666666667 0.266666666667
0.0666666666667 0.266666666667 0.266666666667 0.0666666666667 0.0666666666667 0.266666666667
0.222222222222 0.222222222222 0.222222222222 0.0555555555556 0.0555555555556 0.222222222222
0.533333333333 0.133333333333 0.133333333333 0.0333333333333 0.0333333333333 0.133333333333
0.333333333333 0.333333333333 0.0833333333333 0.0833333333333 0.0833333333333 0.0833333333333
0.190476190476 0.190476190476 0.190476190476 0.047619047619 0.190476190476 0.190476190476
0.231884057971 0.231884057971 0.231884057971 0.0144927536232 0.231884057971 0.0579710144928
0.0888888888889 0.355555555556 0.0888888888889 0.0222222222222 0.355555555556 0.0888888888889
0.0380952380952 0.609523809524 0.152380952381 0.00952380952381 0.152380952381 0.0380952380952
0.0969696969697 0.387878787879 0.0969696969697 0.00606060606061 0.387878787879 0.0242424242424
0.0392156862745 0.627450980392 0.156862745098 0.00980392156863 0.156862745098 0.00980392156863
0.166666666667 0.166666666667 0.166666666667 0.166666666667 0.166666666667 0.166666666667
0.0666666666667 0.266666666667 0.266666666667 0.0666666666667 0.0666666666667 0.266666666667
0.0666666666667 0.266666666667 0.266666666667 0.0666666666667 0.0666666666667 0.266666666667
0.222222222222 0.222222222222 0.222222222222 0.0555555555556 0.0555555555556 0.222222222222
0.533333333333 0.133333333333 0.133333333333 0.0333333333333 0.0333333333333 0.133333333333
0.333333333333 0.333333333333 0.0833333333333 0.0833333333333 0.0833333333333 0.0833333333333
0.190476190476 0.190476190476 0.190476190476 0.047619047619 0.190476190476 0.190476190476
0.231884057971 0.231884057971 0.231884057971 0.0144927536232 0.231884057971 0.0579710144928
0.0888888888889 0.355555555556 0.0888888888889 0.0222222222222 0.355555555556 0.0888888888889
0.0380952380952 0.609523809524 0.152380952381 0.00952380952381 0.152380952381 0.0380952380952
0.0969696969697 0.387878787879 0.0969696969697 0.00606060606061 0.387878787879 0.0242424242424
0.0392156862745 0.627450980392 0.156862745098 0.00980392156863 0.156862745098 0.00980392156863
0.166666666667 0.166666666667 0.166666666667 0.166666666667 0.166666666667 0.166666666667
0.222222222222 0.0555555555556 0.222222222222 0.222222222222 0.222222222222 0.0555555555556
0.296296296296 0.0185185185185 0.296296296296 0.0740740740741 0.296296296296 0.0185185185185
0.627450980392 0.00980392156863 0.156862745098 0.0392156862745 0.156862745098 0.00980392156863
0.547008547009 0.034188034188 0.136752136752 0.136752136752 0.136752136752 0.00854700854701
0.717086834734 0.0112044817927 0.0448179271709 0.0448179271709 0.179271708683 0.00280112044818
0.389649923896 0.0243531202435 0.0974124809741 0.0974124809741 0.389649923896 0.00152207001522
0.173794976239 0.0434487440597 0.0434487440597 0.0434487440597 0.695179904956 0.000678886625933
0.153477218225 0.153477218225 0.0383693045564 0.0383693045564 0.613908872902 0.00239808153477
0.137634408602 0.137634408602 0.137634408602 0.0344086021505 0.550537634409 0.00215053763441
0.179649122807 0.0449122807018 0.0449122807018 0.0112280701754 0.718596491228 0.000701754385965
0.420879572544 0.105219893136 0.026304973284 0.026304973284 0.420879572544 0.000411015207563
0.429350104822 0.107337526205 0.00670859538784 0.0268343815514 0.429350104822 0.00041928721174
0.306128550075 0.306128550075 0.00478325859492 0.0765321375187 0.306128550075 0.000298953662182
0.159576125916 0.638304503662 0.00249337696743 0.0398940314789 0.159576125916 0.000155836060464
0.141573344394 0.566293377575 0.00884833402461 0.141573344394 0.141573344394 0.000138255219135
0.306197204156 0.306197204156 0.00478433131494 0.0765493010391 0.306197204156 7.4755176796e-05
0.638379115527 0.159594778882 0.00249366842003 0.0398986947204 0.159594778882 3.89635690629e-05
0.429518940883 0.429518940883 0.0067112334513 0.0268449338052 0.107379735221 2.62157556692e-05
0.159594778882 0.638379115527 0.00249366842003 0.0398986947204 0.159594778882 3.89635690629e-05
0.431691829368 0.431691829368 0.00168629620847 0.0269807393355 0.107922957342 2.63483782573e-05
0.431691829368 0.431691829368 0.00168629620847 0.0269807393355 0.107922957342 2.63483782573e-05
0.159594778882 0.638379115527 0.00249366842003 0.0398986947204 0.159594778882 3.89635690629e-05
0.107922957342 0.431691829368 0.00168629620847 0.0269807393355 0.431691829368 2.63483782573e-05
0.107379735221 0.429518940883 0.0067112334513 0.0268449338052 0.429518940883 2.62157556692e-05
0.0465110997559 0.744177596094 0.011627774939 0.011627774939 0.186044399023 1.13552489638e-05
0.163263679212 0.65305471685 0.0102039799508 0.0102039799508 0.163263679212 9.96482417068e-06
0.107379735221 0.429518940883 0.0067112334513 0.0268449338052 0.429518940883 2.62157556692e-05
0.10792509008 0.431700360321 0.0016863295325 0.0269812725201 0.431700360321 6.58722473635e-06
