Price Resolution OpticalZoom DigitalZoom Weight StorageIncluded
0.166666666667 0.166666666667 0.166666666667 0.166666666667 0.166666666667 0.166666666667
0.266666666667 0.0666666666667 0.266666666667 0.266666666667 0.0666666666667 0.0666666666667
0.533333333333 0.0333333333333 0.133333333333 0.133333333333 0.133333333333 0.0333333333333
0.820512820513 0.0128205128205 0.0512820512821 0.0512820512821 0.0512820512821 0.0128205128205
0.820512820513 0.0128205128205 0.0512820512821 0.0512820512821 0.0512820512821 0.0128205128205
0.609523809524 0.0380952380952 0.0380952380952 0.152380952381 0.152380952381 0.00952380952381
0.318407960199 0.0199004975124 0.0199004975124 0.318407960199 0.318407960199 0.00497512437811
0.300469483568 0.075117370892 0.018779342723 0.300469483568 0.300469483568 0.00469483568075
0.396899224806 0.0992248062016 0.0062015503876 0.396899224806 0.0992248062016 0.0015503875969
0.724699221515 0.0452937013447 0.00283085633404 0.181174805379 0.0452937013447 0.00070771408351
0.750595565329 0.0117280557083 0.00293201392707 0.187648891332 0.0469122228331 0.000183250870442
0.431657708926 0.0269786068079 0.00168616292549 0.431657708926 0.107914427232 0.000105385182843
0.188088350094 0.0117555218809 0.000734720117555 0.752353400377 0.0470220875235 4.59200073472e-05
0.1812950914 0.04532377285 0.00283273580312 0.7251803656 0.04532377285 4.42614969238e-05
0.188094828081 0.0117559267551 0.000734745422192 0.752379312324 0.0470237070203 1.14803972217e-05
0.195084197335 0.0121927623334 0.00019051191146 0.780336789338 0.0121927623334 2.97674861656e-06
0.166666666667 0.166666666667 0.166666666667 0.166666666667 0.166666666667 0.166666666667
0.0833333333333 0.0833333333333 0.333333333333 0.333333333333 0.0833333333333 0.0833333333333
0.222222222222 0.0555555555556 0.222222222222 0.222222222222 0.222222222222 0.0555555555556
0.296296296296 0.0185185185185 0.0740740740741 0.296296296296 0.296296296296 0.0185185185185
0.296296296296 0.0185185185185 0.0740740740741 0.296296296296 0.296296296296 0.0185185185185
0.627450980392 0.00980392156863 0.0392156862745 0.156862745098 0.156862745098 0.00980392156863
0.426666666667 0.00666666666667 0.0266666666667 0.106666666667 0.426666666667 0.00666666666667
0.479400749064 0.00187265917603 0.00749063670412 0.0299625468165 0.479400749064 0.00187265917603
0.479400749064 0.00187265917603 0.00749063670412 0.0299625468165 0.479400749064 0.00187265917603
0.482791136256 0.001885902876 0.001885902876 0.030174446016 0.482791136256 0.000471475719
0.480075011721 0.00750117205813 0.00187529301453 0.0300046882325 0.480075011721 0.000468823253633
0.779744907672 0.0121835141824 0.000761469636398 0.0121835141824 0.194936226918 0.0001903674091
0.934040248561 0.00364859472094 0.000228037170059 0.00364859472094 0.058377515535 5.70092925147e-05
0.794838208897 0.00310483675351 0.000194052297094 0.00310483675351 0.198709552224 4.85130742735e-05
0.934239974911 0.00364937490199 5.70214828437e-05 0.00364937490199 0.0583899984319 1.42553707109e-05
0.979885991963 0.000956919914027 1.49518736567e-05 0.00382767965611 0.0153107186244 3.73796841417e-06
0.977081027086 0.00381672276205 1.49090732893e-05 0.00381672276205 0.0152668910482 3.72726832232e-06
0.934289919845 0.00364956999939 1.42561328101e-05 0.00364956999939 0.0583931199903 3.56403320253e-06
0.914231508316 0.0142848673174 5.58002629587e-05 0.0142848673174 0.0571394692697 3.48751643492e-06
0.934292417232 0.00364957975481 1.42561709172e-05 0.00364957975481 0.058393276077 8.91010682327e-07
0.924173878402 0.00361005421251 1.41017742676e-05 0.01444021685 0.0577608674001 8.81360891726e-07
0.166666666667 0.166666666667 0.166666666667 0.166666666667 0.166666666667 0.166666666667
0.266666666667 0.0666666666667 0.0666666666667 0.266666666667 0.266666666667 0.0666666666667
0.592592592593 0.037037037037 0.037037037037 0.148148148148 0.148148148148 0.037037037037
0.533333333333 0.0333333333333 0.0333333333333 0.133333333333 0.133333333333 0.133333333333
0.533333333333 0.0333333333333 0.0333333333333 0.133333333333 0.133333333333 0.133333333333
0.79012345679 0.0493827160494 0.0123456790123 0.0493827160494 0.0493827160494 0.0493827160494
0.898245614035 0.0140350877193 0.00350877192982 0.0140350877193 0.0561403508772 0.0140350877193
0.828478964401 0.0517799352751 0.00323624595469 0.0517799352751 0.0517799352751 0.0129449838188
0.717086834734 0.0448179271709 0.00280112044818 0.0448179271709 0.179271708683 0.0112044817927
0.872975277067 0.0136402387042 0.000852514919011 0.0545609548167 0.0545609548167 0.00341005967604
0.83660130719 0.0522875816993 0.00326797385621 0.0522875816993 0.0522875816993 0.00326797385621
0.875213675214 0.0136752136752 0.000854700854701 0.0547008547009 0.0547008547009 0.000854700854701
0.875775069489 0.0136839854608 0.000855249091298 0.0547359418431 0.0547359418431 0.000213812272824
0.875775069489 0.0136839854608 0.000855249091298 0.0547359418431 0.0547359418431 0.000213812272824
0.84124050113 0.0525775313206 0.000821523926884 0.0525775313206 0.0525775313206 0.000205380981721
0.571030252335 0.142757563084 0.000557646730796 0.142757563084 0.142757563084 0.000139411682699
0.727111347801 0.0454444592376 0.000177517418897 0.0454444592376 0.18177783695 4.43793547242e-05
0.639875024409 0.159968756102 0.000156219488381 0.0399921890256 0.159968756102 3.90548720953e-05
0.571328939568 0.142832234892 0.000139484604387 0.142832234892 0.142832234892 3.48711510967e-05
0.639968751526 0.159992187881 3.90605927445e-05 0.159992187881 0.0399980469704 9.76514818612e-06
0.166666666667 0.166666666667 0.166666666667 0.166666666667 0.166666666667 0.166666666667
0.0666666666667 0.266666666667 0.0666666666667 0.266666666667 0.0666666666667 0.266666666667
0.0666666666667 0.266666666667 0.0666666666667 0.266666666667 0.0666666666667 0.266666666667
0.190476190476 0.190476190476 0.047619047619 0.190476190476 0.190476190476 0.190476190476
0.280701754386 0.0701754385965 0.0175438596491 0.280701754386 0.280701754386 0.0701754385965
0.280701754386 0.0701754385965 0.0175438596491 0.280701754386 0.280701754386 0.0701754385965
0.152380952381 0.0380952380952 0.00952380952381 0.609523809524 0.152380952381 0.0380952380952
0.158024691358 0.0395061728395 0.00246913580247 0.632098765432 0.158024691358 0.00987654320988
0.324461343473 0.020278833967 0.00126742712294 0.324461343473 0.324461343473 0.00506970849176
0.305854241338 0.0764635603345 0.00119474313023 0.305854241338 0.305854241338 0.00477897252091
0.142459654981 0.142459654981 0.000556483027268 0.569838619922 0.142459654981 0.00222593210907
0.15987509758 0.039968774395 0.00015612802498 0.63950039032 0.15987509758 0.000624512099922
0.15987509758 0.039968774395 0.00015612802498 0.63950039032 0.15987509758 0.000624512099922
0.39968774395 0.0999219359875 0.000390320062451 0.39968774395 0.0999219359875 0.000390320062451
0.727014554491 0.0454384096557 0.000177493787717 0.181753638623 0.0454384096557 0.000177493787717
0.752768205835 0.0117620032162 0.000183781300253 0.188192051459 0.0470480128647 4.59453250632e-05
0.43237537276 0.0270234607975 0.00010556039374 0.43237537276 0.10809384319 2.63900984351e-05
0.307663418023 0.0769158545058 7.51131391659e-05 0.307663418023 0.307663418023 1.87782847915e-05
0.249980927969 0.249980927969 6.10304999924e-05 0.249980927969 0.249980927969 1.52576249981e-05
0.166666666667 0.166666666667 0.166666666667 0.166666666667 0.166666666667 0.166666666667
0.166666666667 0.166666666667 0.166666666667 0.166666666667 0.166666666667 0.166666666667
0.190476190476 0.190476190476 0.047619047619 0.190476190476 0.190476190476 0.190476190476
0.190476190476 0.190476190476 0.047619047619 0.190476190476 0.190476190476 0.190476190476
0.355555555556 0.0888888888889 0.0222222222222 0.0888888888889 0.355555555556 0.0888888888889
0.355555555556 0.0888888888889 0.0222222222222 0.0888888888889 0.355555555556 0.0888888888889
0.609523809524 0.152380952381 0.00952380952381 0.0380952380952 0.152380952381 0.0380952380952
0.651399491094 0.162849872774 0.00254452926209 0.0101781170483 0.162849872774 0.0101781170483
0.750183150183 0.0468864468864 0.000732600732601 0.0117216117216 0.187545787546 0.0029304029304
0.750183150183 0.0468864468864 0.000732600732601 0.0117216117216 0.187545787546 0.0029304029304
0.657675016057 0.164418754014 0.000642260757868 0.0102761721259 0.164418754014 0.00256904303147
0.430976430976 0.430976430976 0.0016835016835 0.026936026936 0.107744107744 0.0016835016835
0.751835535977 0.187958883994 0.000734214390602 0.0117474302496 0.0469897209985 0.000734214390602
0.875775069489 0.0547359418431 0.000855249091298 0.0136839854608 0.0547359418431 0.000213812272824
0.875775069489 0.0547359418431 0.000855249091298 0.0136839854608 0.0547359418431 0.000213812272824
0.965753020925 0.015089890952 0.000235779546124 0.00377247273799 0.015089890952 5.89448865311e-05
0.876477825924 0.0547798641203 0.00021398384422 0.0136949660301 0.0547798641203 5.34959610549e-05
0.841888906017 0.0526180566261 0.000205539283696 0.0526180566261 0.0526180566261 5.13848209239e-05
0.72672432912 0.18168108228 0.000709691727656 0.04542027057 0.04542027057 4.43557329785e-05
0.841921352501 0.0526200845313 0.0002055472052 0.0526200845313 0.0526200845313 1.2846700325e-05
0.166666666667 0.166666666667 0.166666666667 0.166666666667 0.166666666667 0.166666666667
0.222222222222 0.222222222222 0.0555555555556 0.222222222222 0.222222222222 0.0555555555556
0.533333333333 0.133333333333 0.0333333333333 0.133333333333 0.133333333333 0.0333333333333
0.484848484848 0.121212121212 0.030303030303 0.121212121212 0.121212121212 0.121212121212
0.484848484848 0.121212121212 0.030303030303 0.121212121212 0.121212121212 0.121212121212
0.688172043011 0.172043010753 0.010752688172 0.0430107526882 0.0430107526882 0.0430107526882
0.742028985507 0.185507246377 0.00289855072464 0.0115942028986 0.0463768115942 0.0115942028986
0.910222222222 0.0568888888889 0.000888888888889 0.0142222222222 0.0142222222222 0.00355555555556
0.910222222222 0.0568888888889 0.000888888888889 0.0142222222222 0.0142222222222 0.00355555555556
0.724699221515 0.181174805379 0.00070771408351 0.0452937013447 0.0452937013447 0.00283085633404
0.875775069489 0.0547359418431 0.000213812272824 0.0547359418431 0.0136839854608 0.000855249091298
0.752249770432 0.188062442608 0.000183654729109 0.047015610652 0.011753902663 0.000734618916437
0.432067510549 0.432067510549 0.00042194092827 0.108016877637 0.0270042194093 0.00042194092827
0.326322498407 0.326322498407 0.00031867431485 0.326322498407 0.0203951561504 0.00031867431485
0.331552533592 0.331552533592 8.09454427716e-05 0.331552533592 0.00518050833738 8.09454427716e-05
0.166666666667 0.166666666667 0.166666666667 0.166666666667 0.166666666667 0.166666666667
0.266666666667 0.0666666666667 0.266666666667 0.266666666667 0.0666666666667 0.0666666666667
0.533333333333 0.0333333333333 0.133333333333 0.133333333333 0.133333333333 0.0333333333333
0.355555555556 0.0888888888889 0.0888888888889 0.0888888888889 0.355555555556 0.0222222222222
0.280701754386 0.280701754386 0.0701754385965 0.0701754385965 0.280701754386 0.0175438596491
0.0969696969697 0.387878787879 0.0242424242424 0.0969696969697 0.387878787879 0.00606060606061
0.284444444444 0.284444444444 0.0711111111111 0.0711111111111 0.284444444444 0.00444444444444
0.0974124809741 0.389649923896 0.0243531202435 0.0974124809741 0.389649923896 0.00152207001522
0.301531213192 0.301531213192 0.0188457008245 0.075382803298 0.301531213192 0.00117785630153
0.137856758212 0.137856758212 0.034464189553 0.137856758212 0.551427032849 0.000538502961766
0.158391337974 0.0395978344934 0.00989945862336 0.158391337974 0.633565351895 0.00015467904099
0.158391337974 0.0395978344934 0.00989945862336 0.158391337974 0.633565351895 0.00015467904099
0.324847331271 0.0203029582045 0.00507573955111 0.324847331271 0.324847331271 7.93084304862e-05
0.658071253565 0.0102823633369 0.00257059083424 0.164517813391 0.164517813391 4.0165481785e-05
0.440607771951 0.00688449643674 0.00172112410918 0.110151942988 0.440607771951 2.6892564206e-05
0.664496831432 0.00259569074778 0.000648922686946 0.166124207858 0.166124207858 1.01394169835e-05
0.441177262568 0.00689339472763 0.000430837170477 0.441177262568 0.110294315642 2.69273231548e-05
0.441177262568 0.00689339472763 0.000430837170477 0.441177262568 0.110294315642 2.69273231548e-05
0.759494257669 0.00296677444402 0.000185423402751 0.189873564417 0.0474683911043 1.1588962672e-05
0.166666666667 0.166666666667 0.166666666667 0.166666666667 0.166666666667 0.166666666667
0.0833333333333 0.0833333333333 0.333333333333 0.333333333333 0.0833333333333 0.0833333333333
0.222222222222 0.0555555555556 0.222222222222 0.222222222222 0.222222222222 0.0555555555556
0.296296296296 0.0185185185185 0.0740740740741 0.296296296296 0.296296296296 0.0185185185185
0.296296296296 0.0185185185185 0.0740740740741 0.296296296296 0.296296296296 0.0185185185185
0.627450980392 0.00980392156863 0.0392156862745 0.156862745098 0.156862745098 0.00980392156863
0.426666666667 0.00666666666667 0.0266666666667 0.106666666667 0.426666666667 0.00666666666667
0.479400749064 0.00187265917603 0.00749063670412 0.0299625468165 0.479400749064 0.00187265917603
0.479400749064 0.00187265917603 0.00749063670412 0.0299625468165 0.479400749064 0.00187265917603
0.482791136256 0.001885902876 0.001885902876 0.030174446016 0.482791136256 0.000471475719
0.480075011721 0.00750117205813 0.00187529301453 0.0300046882325 0.480075011721 0.000468823253633
0.779744907672 0.0121835141824 0.000761469636398 0.0121835141824 0.194936226918 0.0001903674091
0.934040248561 0.00364859472094 0.000228037170059 0.00364859472094 0.058377515535 5.70092925147e-05
0.794838208897 0.00310483675351 0.000194052297094 0.00310483675351 0.198709552224 4.85130742735e-05
0.934239974911 0.00364937490199 5.70214828437e-05 0.00364937490199 0.0583899984319 1.42553707109e-05
0.979885991963 0.000956919914027 1.49518736567e-05 0.00382767965611 0.0153107186244 3.73796841417e-06
0.977081027086 0.00381672276205 1.49090732893e-05 0.00381672276205 0.0152668910482 3.72726832232e-06
0.924171434816 0.00361004466725 1.41017369815e-05 0.014440178669 0.057760714676 3.52543424536e-06
0.914269770686 0.014285465167 1.39506495771e-05 0.014285465167 0.0571418606679 3.48766239428e-06
0.924183652874 0.00361009239404 3.52548085355e-06 0.0144403695762 0.0577614783046 8.81370213389e-07
0.924183652874 0.00361009239404 3.52548085355e-06 0.0144403695762 0.0577614783046 8.81370213389e-07
0.166666666667 0.166666666667 0.166666666667 0.166666666667 0.166666666667 0.166666666667
0.266666666667 0.0666666666667 0.266666666667 0.266666666667 0.0666666666667 0.0666666666667
0.533333333333 0.0333333333333 0.133333333333 0.133333333333 0.133333333333 0.0333333333333
0.820512820513 0.0128205128205 0.0512820512821 0.0512820512821 0.0512820512821 0.0128205128205
0.820512820513 0.0128205128205 0.0512820512821 0.0512820512821 0.0512820512821 0.0128205128205
0.609523809524 0.0380952380952 0.0380952380952 0.152380952381 0.152380952381 0.00952380952381
0.318407960199 0.0199004975124 0.0199004975124 0.318407960199 0.318407960199 0.00497512437811
0.300469483568 0.075117370892 0.018779342723 0.300469483568 0.300469483568 0.00469483568075
0.396899224806 0.0992248062016 0.0062015503876 0.396899224806 0.0992248062016 0.0015503875969
0.724699221515 0.0452937013447 0.00283085633404 0.181174805379 0.0452937013447 0.00070771408351
0.750595565329 0.0117280557083 0.00293201392707 0.187648891332 0.0469122228331 0.000183250870442
0.431657708926 0.0269786068079 0.00168616292549 0.431657708926 0.107914427232 0.000105385182843
0.188088350094 0.0117555218809 0.000734720117555 0.752353400377 0.0470220875235 4.59200073472e-05
0.1812950914 0.04532377285 0.00283273580312 0.7251803656 0.04532377285 4.42614969238e-05
0.188094828081 0.0117559267551 0.000734745422192 0.752379312324 0.0470237070203 1.14803972217e-05
0.195084197335 0.0121927623334 0.00019051191146 0.780336789338 0.0121927623334 2.97674861656e-06
