Price Resolution OpticalZoom DigitalZoom Weight StorageIncluded
0.166666666667 0.166666666667 0.166666666667 0.166666666667 0.166666666667 0.166666666667
0.0333333333333 0.233333333333 0.233333333333 0.233333333333 0.0333333333333 0.233333333333
0.258333333333 0.0583333333333 0.308333333333 0.0583333333333 0.258333333333 0.0583333333333
0.0861111111111 0.352777777778 0.102777777778 0.0194444444444 0.419444444444 0.0194444444444
0.0287037037037 0.450925925926 0.0342592592593 0.00648148148148 0.139814814815 0.339814814815
0.257175925926 0.112731481481 0.00856481481481 0.25162037037 0.284953703704 0.0849537037037
0.257175925926 0.112731481481 0.00856481481481 0.25162037037 0.284953703704 0.0849537037037
0.128587962963 0.0563657407407 0.504282407407 0.125810185185 0.142476851852 0.0424768518519
0.0321469907407 0.264091435185 0.126070601852 0.281452546296 0.035619212963 0.260619212963
0.344048996914 0.0880304783951 0.0420235339506 0.0938175154321 0.345206404321 0.0868730709877
0.0688097993827 0.217606095679 0.20840470679 0.218763503086 0.269041280864 0.0173746141975
0.0344048996914 0.10880304784 0.104202353395 0.109381751543 0.134520640432 0.508687307099
0.166666666667 0.166666666667 0.166666666667 0.166666666667 0.166666666667 0.166666666667
0.0416666666667 0.291666666667 0.291666666667 0.0416666666667 0.0416666666667 0.291666666667
0.260416666667 0.0729166666667 0.322916666667 0.0104166666667 0.260416666667 0.0729166666667
0.0868055555556 0.357638888889 0.107638888889 0.00347222222222 0.420138888889 0.0243055555556
0.0289351851852 0.452546296296 0.0358796296296 0.00115740740741 0.140046296296 0.341435185185
0.257233796296 0.113136574074 0.00896990740741 0.250289351852 0.285011574074 0.0853587962963
0.257233796296 0.113136574074 0.00896990740741 0.250289351852 0.285011574074 0.0853587962963
0.128616898148 0.056568287037 0.504484953704 0.125144675926 0.142505787037 0.0426793981481
0.032154224537 0.264142071759 0.126121238426 0.281286168981 0.0356264467593 0.260669849537
0.344051408179 0.0880473572531 0.0420404128086 0.0937620563272 0.345208815586 0.0868899498457
0.0688102816358 0.217609471451 0.208408082562 0.218752411265 0.269041763117 0.0173779899691
0.0344051408179 0.108804735725 0.104204041281 0.109376205633 0.134520881559 0.508688994985
0.166666666667 0.166666666667 0.166666666667 0.166666666667 0.166666666667 0.166666666667
0.0333333333333 0.233333333333 0.233333333333 0.233333333333 0.0333333333333 0.233333333333
0.258333333333 0.0583333333333 0.308333333333 0.0583333333333 0.258333333333 0.0583333333333
0.0861111111111 0.352777777778 0.102777777778 0.0194444444444 0.419444444444 0.0194444444444
0.0287037037037 0.450925925926 0.0342592592593 0.00648148148148 0.139814814815 0.339814814815
0.257175925926 0.112731481481 0.00856481481481 0.25162037037 0.284953703704 0.0849537037037
0.257175925926 0.112731481481 0.00856481481481 0.25162037037 0.284953703704 0.0849537037037
0.128587962963 0.0563657407407 0.504282407407 0.125810185185 0.142476851852 0.0424768518519
0.0321469907407 0.264091435185 0.126070601852 0.281452546296 0.035619212963 0.260619212963
0.344048996914 0.0880304783951 0.0420235339506 0.0938175154321 0.345206404321 0.0868730709877
0.0688097993827 0.217606095679 0.20840470679 0.218763503086 0.269041280864 0.0173746141975
0.0344048996914 0.10880304784 0.104202353395 0.109381751543 0.134520640432 0.508687307099
0.166666666667 0.166666666667 0.166666666667 0.166666666667 0.166666666667 0.166666666667
0.0416666666667 0.291666666667 0.291666666667 0.0416666666667 0.0416666666667 0.291666666667
0.260416666667 0.0729166666667 0.322916666667 0.0104166666667 0.260416666667 0.0729166666667
0.0868055555556 0.357638888889 0.107638888889 0.00347222222222 0.420138888889 0.0243055555556
0.0289351851852 0.452546296296 0.0358796296296 0.00115740740741 0.140046296296 0.341435185185
0.257233796296 0.113136574074 0.00896990740741 0.250289351852 0.285011574074 0.0853587962963
0.257233796296 0.113136574074 0.00896990740741 0.250289351852 0.285011574074 0.0853587962963
0.128616898148 0.056568287037 0.504484953704 0.125144675926 0.142505787037 0.0426793981481
0.032154224537 0.264142071759 0.126121238426 0.281286168981 0.0356264467593 0.260669849537
0.344051408179 0.0880473572531 0.0420404128086 0.0937620563272 0.345208815586 0.0868899498457
0.0688102816358 0.217609471451 0.208408082562 0.218752411265 0.269041763117 0.0173779899691
0.0344051408179 0.108804735725 0.104204041281 0.109376205633 0.134520881559 0.508688994985
0.166666666667 0.166666666667 0.166666666667 0.166666666667 0.166666666667 0.166666666667
0.0333333333333 0.233333333333 0.233333333333 0.233333333333 0.0333333333333 0.233333333333
0.258333333333 0.0583333333333 0.308333333333 0.0583333333333 0.258333333333 0.0583333333333
0.0861111111111 0.352777777778 0.102777777778 0.0194444444444 0.419444444444 0.0194444444444
0.0287037037037 0.450925925926 0.0342592592593 0.00648148148148 0.139814814815 0.339814814815
0.257175925926 0.112731481481 0.00856481481481 0.25162037037 0.284953703704 0.0849537037037
0.257175925926 0.112731481481 0.00856481481481 0.25162037037 0.284953703704 0.0849537037037
0.128587962963 0.0563657407407 0.504282407407 0.125810185185 0.142476851852 0.0424768518519
0.0321469907407 0.264091435185 0.126070601852 0.281452546296 0.035619212963 0.260619212963
0.344048996914 0.0880304783951 0.0420235339506 0.0938175154321 0.345206404321 0.0868730709877
0.0688097993827 0.217606095679 0.20840470679 0.218763503086 0.269041280864 0.0173746141975
0.0344048996914 0.10880304784 0.104202353395 0.109381751543 0.134520640432 0.508687307099
