Price Resolution OpticalZoom DigitalZoom Weight StorageIncluded
0.166666666667 0.166666666667 0.166666666667 0.166666666667 0.166666666667 0.166666666667
0.0666666666667 0.266666666667 0.0666666666667 0.266666666667 0.0666666666667 0.266666666667
0.0666666666667 0.266666666667 0.0666666666667 0.266666666667 0.0666666666667 0.266666666667
0.190476190476 0.190476190476 0.047619047619 0.190476190476 0.190476190476 0.190476190476
0.0701754385965 0.280701754386 0.0175438596491 0.280701754386 0.280701754386 0.0701754385965
0.0380952380952 0.152380952381 0.00952380952381 0.152380952381 0.609523809524 0.0380952380952
0.025641025641 0.410256410256 0.025641025641 0.102564102564 0.410256410256 0.025641025641
0.0266666666667 0.426666666667 0.00666666666667 0.106666666667 0.426666666667 0.00666666666667
0.075117370892 0.300469483568 0.00469483568075 0.300469483568 0.300469483568 0.018779342723
0.141280353201 0.141280353201 0.00220750551876 0.141280353201 0.565121412804 0.00883002207506
0.396899224806 0.0992248062016 0.0015503875969 0.0992248062016 0.396899224806 0.0062015503876
0.245210727969 0.245210727969 0.00383141762452 0.245210727969 0.245210727969 0.0153256704981
0.396899224806 0.0992248062016 0.0015503875969 0.0992248062016 0.396899224806 0.0062015503876
0.399220272904 0.0998050682261 0.000389863547758 0.0998050682261 0.399220272904 0.00155945419103
0.307230723072 0.307230723072 0.000300030003 0.0768076807681 0.307230723072 0.001200120012
0.432204284056 0.432204284056 0.000105518624037 0.0270127677535 0.108051071014 0.000422074496149
0.307576781557 0.307576781557 7.50919876849e-05 0.0768941953894 0.307576781557 0.00030036795074
0.63980006248 0.15995001562 0.000156201187129 0.039987503905 0.15995001562 0.000156201187129
0.432341144184 0.432341144184 0.000105552037154 0.0270213215115 0.108085286046 0.000105552037154
0.159968756102 0.639875024409 0.000156219488381 0.0399921890256 0.159968756102 3.90548720953e-05
0.166666666667 0.166666666667 0.166666666667 0.166666666667 0.166666666667 0.166666666667
0.190476190476 0.190476190476 0.047619047619 0.190476190476 0.190476190476 0.190476190476
0.190476190476 0.190476190476 0.047619047619 0.190476190476 0.190476190476 0.190476190476
0.355555555556 0.0888888888889 0.0222222222222 0.0888888888889 0.355555555556 0.0888888888889
0.266666666667 0.266666666667 0.0666666666667 0.0666666666667 0.266666666667 0.0666666666667
0.592592592593 0.148148148148 0.037037037037 0.037037037037 0.148148148148 0.037037037037
0.646464646465 0.161616161616 0.010101010101 0.010101010101 0.161616161616 0.010101010101
0.426666666667 0.426666666667 0.00666666666667 0.0266666666667 0.106666666667 0.00666666666667
0.479400749064 0.479400749064 0.00187265917603 0.00749063670412 0.0299625468165 0.00187265917603
0.430976430976 0.430976430976 0.0016835016835 0.026936026936 0.107744107744 0.0016835016835
0.750183150183 0.187545787546 0.0029304029304 0.0117216117216 0.0468864468864 0.000732600732601
0.431521281079 0.431521281079 0.00168563000421 0.0269700800674 0.10788032027 0.000421407501054
0.164815708997 0.659262835989 0.000643811363271 0.0103009818123 0.164815708997 0.000160952840818
0.0553393860787 0.885430177259 0.00021616947687 0.00345871162992 0.0553393860787 0.00021616947687
0.0555013550136 0.888021680217 5.42005420054e-05 0.000867208672087 0.0555013550136 5.42005420054e-05
0.166666666667 0.166666666667 0.166666666667 0.166666666667 0.166666666667 0.166666666667
0.222222222222 0.222222222222 0.0555555555556 0.222222222222 0.222222222222 0.0555555555556
0.533333333333 0.133333333333 0.0333333333333 0.133333333333 0.133333333333 0.0333333333333
0.380952380952 0.380952380952 0.0238095238095 0.0952380952381 0.0952380952381 0.0238095238095
0.177777777778 0.711111111111 0.0111111111111 0.0444444444444 0.0444444444444 0.0111111111111
0.140350877193 0.561403508772 0.00877192982456 0.140350877193 0.140350877193 0.00877192982456
0.395061728395 0.395061728395 0.00617283950617 0.0987654320988 0.0987654320988 0.00617283950617
0.396899224806 0.396899224806 0.0015503875969 0.0992248062016 0.0992248062016 0.0062015503876
0.181174805379 0.724699221515 0.00070771408351 0.0452937013447 0.0452937013447 0.00283085633404
0.399220272904 0.399220272904 0.000389863547758 0.0998050682261 0.0998050682261 0.00155945419103
0.63950039032 0.15987509758 0.00015612802498 0.039968774395 0.15987509758 0.000624512099922
0.876477825924 0.0547798641203 5.34959610549e-05 0.0136949660301 0.0547798641203 0.00021398384422
0.876477825924 0.0547798641203 5.34959610549e-05 0.0136949660301 0.0547798641203 0.00021398384422
0.639875024409 0.159968756102 3.90548720953e-05 0.0399921890256 0.159968756102 0.000156219488381
0.326498076961 0.326498076961 1.99278611427e-05 0.0204061298101 0.326498076961 7.97114445707e-05
0.166666666667 0.166666666667 0.166666666667 0.166666666667 0.166666666667 0.166666666667
0.266666666667 0.266666666667 0.0666666666667 0.266666666667 0.0666666666667 0.0666666666667
0.592592592593 0.148148148148 0.037037037037 0.148148148148 0.037037037037 0.037037037037
0.533333333333 0.133333333333 0.0333333333333 0.133333333333 0.133333333333 0.0333333333333
0.380952380952 0.380952380952 0.0238095238095 0.0952380952381 0.0952380952381 0.0238095238095
0.242424242424 0.242424242424 0.0151515151515 0.242424242424 0.242424242424 0.0151515151515
0.248062015504 0.248062015504 0.00387596899225 0.248062015504 0.248062015504 0.00387596899225
0.142222222222 0.568888888889 0.00222222222222 0.142222222222 0.142222222222 0.00222222222222
0.249512670565 0.249512670565 0.000974658869396 0.249512670565 0.249512670565 0.000974658869396
0.249512670565 0.249512670565 0.000974658869396 0.249512670565 0.249512670565 0.000974658869396
0.0768768768769 0.307507507508 0.0003003003003 0.307507507508 0.307507507508 0.0003003003003
0.039968774395 0.63950039032 0.000624512099922 0.15987509758 0.15987509758 0.00015612802498
0.0999511957052 0.399804782821 0.000390434358224 0.0999511957052 0.399804782821 9.76085895559e-05
0.0998342595301 0.39933703812 0.00155991030516 0.0998342595301 0.39933703812 9.74943940723e-05
0.142757563084 0.571030252335 0.000557646730796 0.142757563084 0.142757563084 0.000139411682699
0.166666666667 0.166666666667 0.166666666667 0.166666666667 0.166666666667 0.166666666667
0.222222222222 0.222222222222 0.0555555555556 0.222222222222 0.222222222222 0.0555555555556
0.533333333333 0.133333333333 0.0333333333333 0.133333333333 0.133333333333 0.0333333333333
0.380952380952 0.380952380952 0.0238095238095 0.0952380952381 0.0952380952381 0.0238095238095
0.177777777778 0.711111111111 0.0111111111111 0.0444444444444 0.0444444444444 0.0111111111111
0.140350877193 0.561403508772 0.00877192982456 0.140350877193 0.140350877193 0.00877192982456
0.395061728395 0.395061728395 0.00617283950617 0.0987654320988 0.0987654320988 0.00617283950617
0.396899224806 0.396899224806 0.0015503875969 0.0992248062016 0.0992248062016 0.0062015503876
0.181174805379 0.724699221515 0.00070771408351 0.0452937013447 0.0452937013447 0.00283085633404
0.399220272904 0.399220272904 0.000389863547758 0.0998050682261 0.0998050682261 0.00155945419103
0.63950039032 0.15987509758 0.00015612802498 0.039968774395 0.15987509758 0.000624512099922
0.876477825924 0.0547798641203 5.34959610549e-05 0.0136949660301 0.0547798641203 0.00021398384422
0.876477825924 0.0547798641203 5.34959610549e-05 0.0136949660301 0.0547798641203 0.00021398384422
0.639875024409 0.159968756102 3.90548720953e-05 0.0399921890256 0.159968756102 0.000156219488381
0.326498076961 0.326498076961 1.99278611427e-05 0.0204061298101 0.326498076961 7.97114445707e-05
0.166666666667 0.166666666667 0.166666666667 0.166666666667 0.166666666667 0.166666666667
0.0666666666667 0.266666666667 0.266666666667 0.266666666667 0.0666666666667 0.0666666666667
0.121212121212 0.484848484848 0.121212121212 0.121212121212 0.121212121212 0.030303030303
0.172043010753 0.688172043011 0.0430107526882 0.0430107526882 0.0430107526882 0.010752688172
0.136752136752 0.547008547009 0.034188034188 0.136752136752 0.136752136752 0.00854700854701
0.361581920904 0.361581920904 0.090395480226 0.090395480226 0.090395480226 0.00564971751412
0.137634408602 0.550537634409 0.0344086021505 0.137634408602 0.137634408602 0.00215053763441
0.0517799352751 0.828478964401 0.0129449838188 0.0517799352751 0.0517799352751 0.00323624595469
0.158024691358 0.632098765432 0.00987654320988 0.0395061728395 0.158024691358 0.00246913580247
0.107202680067 0.428810720268 0.00670016750419 0.0268006700168 0.428810720268 0.00167504187605
0.046783625731 0.748538011696 0.00292397660819 0.0116959064327 0.187134502924 0.00292397660819
0.166666666667 0.166666666667 0.166666666667 0.166666666667 0.166666666667 0.166666666667
0.0666666666667 0.266666666667 0.266666666667 0.266666666667 0.0666666666667 0.0666666666667
0.121212121212 0.484848484848 0.121212121212 0.121212121212 0.121212121212 0.030303030303
0.172043010753 0.688172043011 0.0430107526882 0.0430107526882 0.0430107526882 0.010752688172
0.136752136752 0.547008547009 0.034188034188 0.136752136752 0.136752136752 0.00854700854701
0.361581920904 0.361581920904 0.090395480226 0.090395480226 0.090395480226 0.00564971751412
0.137634408602 0.550537634409 0.0344086021505 0.137634408602 0.137634408602 0.00215053763441
0.389649923896 0.389649923896 0.0243531202435 0.0974124809741 0.0974124809741 0.00152207001522
0.179649122807 0.718596491228 0.0112280701754 0.0449122807018 0.0449122807018 0.000701754385965
0.0519375126801 0.831000202881 0.01298437817 0.0519375126801 0.0519375126801 0.000202880908906
0.158317872604 0.633271490414 0.00989486703772 0.158317872604 0.0395794681509 0.000618429189858
0.397361272798 0.397361272798 0.00620876988747 0.0993403181995 0.0993403181995 0.000388048117967
0.390095238095 0.390095238095 0.024380952381 0.0975238095238 0.0975238095238 0.000380952380952
0.166666666667 0.166666666667 0.166666666667 0.166666666667 0.166666666667 0.166666666667
0.166666666667 0.166666666667 0.166666666667 0.166666666667 0.166666666667 0.166666666667
0.166666666667 0.166666666667 0.166666666667 0.166666666667 0.166666666667 0.166666666667
0.0666666666667 0.266666666667 0.0666666666667 0.266666666667 0.0666666666667 0.266666666667
0.0666666666667 0.266666666667 0.0666666666667 0.266666666667 0.0666666666667 0.266666666667
0.190476190476 0.190476190476 0.047619047619 0.190476190476 0.190476190476 0.190476190476
0.0701754385965 0.280701754386 0.0175438596491 0.280701754386 0.280701754386 0.0701754385965
0.0380952380952 0.152380952381 0.00952380952381 0.152380952381 0.609523809524 0.0380952380952
0.025641025641 0.410256410256 0.025641025641 0.102564102564 0.410256410256 0.025641025641
0.0266666666667 0.426666666667 0.00666666666667 0.106666666667 0.426666666667 0.00666666666667
0.075117370892 0.300469483568 0.00469483568075 0.300469483568 0.300469483568 0.018779342723
0.141280353201 0.141280353201 0.00220750551876 0.141280353201 0.565121412804 0.00883002207506
0.140350877193 0.140350877193 0.00877192982456 0.140350877193 0.561403508772 0.00877192982456
0.1592039801 0.0398009950249 0.00248756218905 0.1592039801 0.636815920398 0.00248756218905
0.159501557632 0.0398753894081 0.00249221183801 0.159501557632 0.63800623053 0.000623052959502
0.142459654981 0.142459654981 0.00222593210907 0.142459654981 0.569838619922 0.000556483027268
0.0993403181995 0.397361272798 0.00620876988747 0.0993403181995 0.397361272798 0.000388048117967
0.159576125916 0.638304503662 0.00249337696743 0.0398940314789 0.159576125916 0.000155836060464
0.0998342595301 0.39933703812 0.00155991030516 0.0998342595301 0.39933703812 9.74943940723e-05
0.306197204156 0.306197204156 0.00478433131494 0.0765493010391 0.306197204156 7.4755176796e-05
0.107922957342 0.431691829368 0.00168629620847 0.0269807393355 0.431691829368 2.63483782573e-05
0.0998415600244 0.399366240098 0.00156002437538 0.0998415600244 0.399366240098 2.43753808653e-05
