Price Resolution OpticalZoom DigitalZoom Weight StorageIncluded
0.166666666667 0.166666666667 0.166666666667 0.166666666667 0.166666666667 0.166666666667
0.166666666667 0.166666666667 0.166666666667 0.166666666667 0.166666666667 0.166666666667
0.222222222222 0.0555555555556 0.0555555555556 0.222222222222 0.222222222222 0.222222222222
0.222222222222 0.0555555555556 0.0555555555556 0.222222222222 0.222222222222 0.222222222222
0.166666666667 0.166666666667 0.166666666667 0.166666666667 0.166666666667 0.166666666667
0.0666666666667 0.266666666667 0.266666666667 0.0666666666667 0.0666666666667 0.266666666667
0.121212121212 0.121212121212 0.484848484848 0.030303030303 0.121212121212 0.121212121212
0.355555555556 0.0888888888889 0.355555555556 0.0222222222222 0.0888888888889 0.0888888888889
0.547008547009 0.136752136752 0.136752136752 0.00854700854701 0.136752136752 0.034188034188
0.300469483568 0.300469483568 0.075117370892 0.00469483568075 0.300469483568 0.018779342723
0.156862745098 0.627450980392 0.0392156862745 0.00980392156863 0.156862745098 0.00980392156863
0.166666666667 0.166666666667 0.166666666667 0.166666666667 0.166666666667 0.166666666667
0.0666666666667 0.266666666667 0.266666666667 0.266666666667 0.0666666666667 0.0666666666667
0.166666666667 0.166666666667 0.166666666667 0.166666666667 0.166666666667 0.166666666667
0.222222222222 0.0555555555556 0.0555555555556 0.222222222222 0.222222222222 0.222222222222
0.222222222222 0.0555555555556 0.0555555555556 0.222222222222 0.222222222222 0.222222222222
