Price Resolution OpticalZoom DigitalZoom Weight StorageIncluded
0.166666666667 0.166666666667 0.166666666667 0.166666666667 0.166666666667 0.166666666667
0.0666666666667 0.0666666666667 0.266666666667 0.266666666667 0.0666666666667 0.266666666667
0.190476190476 0.047619047619 0.190476190476 0.190476190476 0.190476190476 0.190476190476
0.111111111111 0.111111111111 0.111111111111 0.111111111111 0.444444444444 0.111111111111
0.111111111111 0.111111111111 0.111111111111 0.111111111111 0.444444444444 0.111111111111
0.133333333333 0.133333333333 0.133333333333 0.0333333333333 0.533333333333 0.0333333333333
0.355555555556 0.0888888888889 0.0888888888889 0.0888888888889 0.355555555556 0.0222222222222
0.688172043011 0.0430107526882 0.0430107526882 0.0430107526882 0.172043010753 0.010752688172
0.387878787879 0.0969696969697 0.0242424242424 0.0969696969697 0.387878787879 0.00606060606061
0.380952380952 0.0952380952381 0.0238095238095 0.0952380952381 0.380952380952 0.0238095238095
0.166666666667 0.166666666667 0.166666666667 0.166666666667 0.166666666667 0.166666666667
0.190476190476 0.190476190476 0.047619047619 0.190476190476 0.190476190476 0.190476190476
0.190476190476 0.190476190476 0.047619047619 0.190476190476 0.190476190476 0.190476190476
0.355555555556 0.0888888888889 0.0222222222222 0.0888888888889 0.355555555556 0.0888888888889
0.355555555556 0.0888888888889 0.0222222222222 0.0888888888889 0.355555555556 0.0888888888889
0.172043010753 0.0430107526882 0.010752688172 0.0430107526882 0.688172043011 0.0430107526882
0.152380952381 0.0380952380952 0.00952380952381 0.152380952381 0.609523809524 0.0380952380952
0.179271708683 0.0448179271709 0.00280112044818 0.0448179271709 0.717086834734 0.0112044817927
0.187545787546 0.0117216117216 0.000732600732601 0.0468864468864 0.750183150183 0.0029304029304
0.181174805379 0.0452937013447 0.00070771408351 0.0452937013447 0.724699221515 0.00283085633404
0.431521281079 0.0269700800674 0.000421407501054 0.10788032027 0.431521281079 0.00168563000421
0.399220272904 0.0998050682261 0.000389863547758 0.0998050682261 0.399220272904 0.00155945419103
0.432204284056 0.0270127677535 0.000105518624037 0.108051071014 0.432204284056 0.000422074496149
0.18177783695 0.0454444592376 4.43793547242e-05 0.0454444592376 0.727111347801 0.000177517418897
0.18822448159 0.0470561203975 1.14883106439e-05 0.0117640300994 0.75289792636 4.59532425757e-05
0.470571340356 0.0294107087722 7.18034882135e-06 0.0294107087722 0.470571340356 2.87213952854e-05
0.166666666667 0.166666666667 0.166666666667 0.166666666667 0.166666666667 0.166666666667
0.166666666667 0.166666666667 0.166666666667 0.166666666667 0.166666666667 0.166666666667
0.222222222222 0.222222222222 0.0555555555556 0.222222222222 0.0555555555556 0.222222222222
0.222222222222 0.222222222222 0.0555555555556 0.222222222222 0.0555555555556 0.222222222222
0.484848484848 0.121212121212 0.030303030303 0.121212121212 0.121212121212 0.121212121212
0.688172043011 0.0430107526882 0.010752688172 0.0430107526882 0.172043010753 0.0430107526882
0.688172043011 0.0430107526882 0.010752688172 0.0430107526882 0.172043010753 0.0430107526882
0.768768768769 0.012012012012 0.003003003003 0.012012012012 0.192192192192 0.012012012012
0.166666666667 0.166666666667 0.166666666667 0.166666666667 0.166666666667 0.166666666667
0.222222222222 0.0555555555556 0.222222222222 0.222222222222 0.222222222222 0.0555555555556
0.380952380952 0.0238095238095 0.0952380952381 0.0952380952381 0.380952380952 0.0238095238095
0.711111111111 0.0111111111111 0.0444444444444 0.0444444444444 0.177777777778 0.0111111111111
0.688172043011 0.0430107526882 0.0430107526882 0.0430107526882 0.172043010753 0.010752688172
0.418300653595 0.104575163399 0.0261437908497 0.0261437908497 0.418300653595 0.00653594771242
0.387878787879 0.0969696969697 0.0242424242424 0.0969696969697 0.387878787879 0.00606060606061
0.158024691358 0.0395061728395 0.00987654320988 0.158024691358 0.632098765432 0.00246913580247
0.158024691358 0.0395061728395 0.00987654320988 0.158024691358 0.632098765432 0.00246913580247
0.164418754014 0.0102761721259 0.00256904303147 0.164418754014 0.657675016057 0.000642260757868
0.164418754014 0.0102761721259 0.00256904303147 0.164418754014 0.657675016057 0.000642260757868
0.326010824578 0.0203756765361 0.00127347978351 0.326010824578 0.326010824578 0.000318369945877
0.441141626279 0.00689283791061 0.000430802369413 0.11028540657 0.441141626279 0.000107700592353
0.759467853335 0.00296667130209 0.000185416956381 0.0474667408334 0.189866963334 4.63542390952e-05
0.483860488468 0.00189008003308 0.000118130002067 0.0302412805292 0.483860488468 2.95325005168e-05
0.483860488468 0.00189008003308 0.000118130002067 0.0302412805292 0.483860488468 2.95325005168e-05
0.483903361096 0.00189024750428 2.95351172544e-05 0.0302439600685 0.483903361096 2.95351172544e-05
0.483860488468 0.00189008003308 0.000118130002067 0.0302412805292 0.483860488468 2.95325005168e-05
0.759573481688 0.00296708391284 4.63606861382e-05 0.0474733426055 0.189893370422 4.63606861382e-05
0.759573481688 0.00296708391284 4.63606861382e-05 0.0474733426055 0.189893370422 4.63606861382e-05
0.761320601287 0.000743477149694 1.1616830464e-05 0.0475825375804 0.190330150322 1.1616830464e-05
0.484611857965 0.000473253767544 7.39459011787e-06 0.0302882411228 0.484611857965 7.39459011787e-06
0.484611857965 0.000473253767544 7.39459011787e-06 0.0302882411228 0.484611857965 7.39459011787e-06
0.484789306466 0.000118356764274 1.84932444178e-06 0.0302993316541 0.484789306466 1.84932444178e-06
0.166666666667 0.166666666667 0.166666666667 0.166666666667 0.166666666667 0.166666666667
0.190476190476 0.190476190476 0.047619047619 0.190476190476 0.190476190476 0.190476190476
0.190476190476 0.190476190476 0.047619047619 0.190476190476 0.190476190476 0.190476190476
0.355555555556 0.0888888888889 0.0222222222222 0.0888888888889 0.355555555556 0.0888888888889
0.355555555556 0.0888888888889 0.0222222222222 0.0888888888889 0.355555555556 0.0888888888889
0.172043010753 0.0430107526882 0.010752688172 0.0430107526882 0.688172043011 0.0430107526882
0.152380952381 0.0380952380952 0.00952380952381 0.152380952381 0.609523809524 0.0380952380952
0.179271708683 0.0448179271709 0.00280112044818 0.0448179271709 0.717086834734 0.0112044817927
0.187545787546 0.0117216117216 0.000732600732601 0.0468864468864 0.750183150183 0.0029304029304
0.181174805379 0.0452937013447 0.00070771408351 0.0452937013447 0.724699221515 0.00283085633404
0.431521281079 0.0269700800674 0.000421407501054 0.10788032027 0.431521281079 0.00168563000421
0.399220272904 0.0998050682261 0.000389863547758 0.0998050682261 0.399220272904 0.00155945419103
0.432204284056 0.0270127677535 0.000105518624037 0.108051071014 0.432204284056 0.000422074496149
0.18177783695 0.0454444592376 4.43793547242e-05 0.0454444592376 0.727111347801 0.000177517418897
0.18822448159 0.0470561203975 1.14883106439e-05 0.0117640300994 0.75289792636 4.59532425757e-05
0.470571340356 0.0294107087722 7.18034882135e-06 0.0294107087722 0.470571340356 2.87213952854e-05
0.166666666667 0.166666666667 0.166666666667 0.166666666667 0.166666666667 0.166666666667
0.222222222222 0.222222222222 0.0555555555556 0.222222222222 0.0555555555556 0.222222222222
0.222222222222 0.222222222222 0.0555555555556 0.222222222222 0.0555555555556 0.222222222222
0.484848484848 0.121212121212 0.030303030303 0.121212121212 0.121212121212 0.121212121212
0.688172043011 0.0430107526882 0.010752688172 0.0430107526882 0.172043010753 0.0430107526882
0.688172043011 0.0430107526882 0.010752688172 0.0430107526882 0.172043010753 0.0430107526882
0.768768768769 0.012012012012 0.003003003003 0.012012012012 0.192192192192 0.012012012012
0.166666666667 0.166666666667 0.166666666667 0.166666666667 0.166666666667 0.166666666667
0.166666666667 0.166666666667 0.166666666667 0.166666666667 0.166666666667 0.166666666667
0.190476190476 0.190476190476 0.047619047619 0.190476190476 0.190476190476 0.190476190476
0.190476190476 0.190476190476 0.047619047619 0.190476190476 0.190476190476 0.190476190476
0.355555555556 0.0888888888889 0.0222222222222 0.0888888888889 0.355555555556 0.0888888888889
0.355555555556 0.0888888888889 0.0222222222222 0.0888888888889 0.355555555556 0.0888888888889
0.172043010753 0.0430107526882 0.010752688172 0.0430107526882 0.688172043011 0.0430107526882
0.152380952381 0.0380952380952 0.00952380952381 0.152380952381 0.609523809524 0.0380952380952
0.179271708683 0.0448179271709 0.00280112044818 0.0448179271709 0.717086834734 0.0112044817927
0.187545787546 0.0117216117216 0.000732600732601 0.0468864468864 0.750183150183 0.0029304029304
0.181174805379 0.0452937013447 0.00070771408351 0.0452937013447 0.724699221515 0.00283085633404
0.431521281079 0.0269700800674 0.000421407501054 0.10788032027 0.431521281079 0.00168563000421
0.399220272904 0.0998050682261 0.000389863547758 0.0998050682261 0.399220272904 0.00155945419103
0.432204284056 0.0270127677535 0.000105518624037 0.108051071014 0.432204284056 0.000422074496149
0.18177783695 0.0454444592376 4.43793547242e-05 0.0454444592376 0.727111347801 0.000177517418897
0.18822448159 0.0470561203975 1.14883106439e-05 0.0117640300994 0.75289792636 4.59532425757e-05
0.470571340356 0.0294107087722 7.18034882135e-06 0.0294107087722 0.470571340356 2.87213952854e-05
0.166666666667 0.166666666667 0.166666666667 0.166666666667 0.166666666667 0.166666666667
0.266666666667 0.0666666666667 0.266666666667 0.266666666667 0.0666666666667 0.0666666666667
0.533333333333 0.0333333333333 0.133333333333 0.133333333333 0.133333333333 0.0333333333333
