Price Resolution OpticalZoom DigitalZoom Weight StorageIncluded
0.166666666667 0.166666666667 0.166666666667 0.166666666667 0.166666666667 0.166666666667
0.0555555555556 0.222222222222 0.0555555555556 0.222222222222 0.222222222222 0.222222222222
0.0555555555556 0.222222222222 0.0555555555556 0.222222222222 0.222222222222 0.222222222222
0.121212121212 0.121212121212 0.030303030303 0.121212121212 0.484848484848 0.121212121212
0.0430107526882 0.0430107526882 0.010752688172 0.172043010753 0.688172043011 0.0430107526882
0.136752136752 0.136752136752 0.00854700854701 0.136752136752 0.547008547009 0.034188034188
0.0448179271709 0.179271708683 0.00280112044818 0.0448179271709 0.717086834734 0.0112044817927
0.158024691358 0.158024691358 0.00246913580247 0.0395061728395 0.632098765432 0.00987654320988
0.107202680067 0.428810720268 0.00167504187605 0.0268006700168 0.428810720268 0.00670016750419
0.046783625731 0.748538011696 0.00292397660819 0.0116959064327 0.187134502924 0.00292397660819
0.109965635739 0.439862542955 0.00171821305842 0.00687285223368 0.439862542955 0.00171821305842
0.0468864468864 0.187545787546 0.0029304029304 0.0117216117216 0.750183150183 0.000732600732601
0.0552677029361 0.0552677029361 0.000863557858377 0.00345423143351 0.884283246978 0.000863557858377
0.189209164819 0.0473022912047 0.0029563932003 0.0029563932003 0.756836659276 0.000739098300074
0.0554472601256 0.0554472601256 0.000866363439463 0.000866363439463 0.88715616201 0.000216590859866
0.0553035212789 0.0553035212789 0.000864117519983 0.00345647007993 0.884856340462 0.000216029379996
0.166666666667 0.166666666667 0.166666666667 0.166666666667 0.166666666667 0.166666666667
0.0555555555556 0.222222222222 0.0555555555556 0.222222222222 0.222222222222 0.222222222222
0.0555555555556 0.222222222222 0.0555555555556 0.222222222222 0.222222222222 0.222222222222
0.121212121212 0.121212121212 0.030303030303 0.121212121212 0.484848484848 0.121212121212
0.0430107526882 0.0430107526882 0.010752688172 0.172043010753 0.688172043011 0.0430107526882
0.136752136752 0.136752136752 0.00854700854701 0.136752136752 0.547008547009 0.034188034188
0.0448179271709 0.179271708683 0.00280112044818 0.0448179271709 0.717086834734 0.0112044817927
0.158024691358 0.158024691358 0.00246913580247 0.0395061728395 0.632098765432 0.00987654320988
0.107202680067 0.428810720268 0.00167504187605 0.0268006700168 0.428810720268 0.00670016750419
0.046783625731 0.748538011696 0.00292397660819 0.0116959064327 0.187134502924 0.00292397660819
0.109401709402 0.437606837607 0.00683760683761 0.00683760683761 0.437606837607 0.0017094017094
0.16569579288 0.16569579288 0.00258899676375 0.00258899676375 0.662783171521 0.000647249190939
0.164418754014 0.164418754014 0.0102761721259 0.00256904303147 0.657675016057 0.000642260757868
0.438168592212 0.109542148053 0.00684638425332 0.00684638425332 0.438168592212 0.000427899015832
0.165776266796 0.165776266796 0.00259025416869 0.00259025416869 0.663105067185 0.000161890885543
0.166666666667 0.166666666667 0.166666666667 0.166666666667 0.166666666667 0.166666666667
0.190476190476 0.190476190476 0.047619047619 0.190476190476 0.190476190476 0.190476190476
0.190476190476 0.190476190476 0.047619047619 0.190476190476 0.190476190476 0.190476190476
0.355555555556 0.0888888888889 0.0222222222222 0.0888888888889 0.355555555556 0.0888888888889
0.266666666667 0.266666666667 0.0666666666667 0.0666666666667 0.266666666667 0.0666666666667
0.592592592593 0.148148148148 0.037037037037 0.037037037037 0.148148148148 0.037037037037
0.380952380952 0.0952380952381 0.0238095238095 0.0952380952381 0.380952380952 0.0238095238095
0.426666666667 0.106666666667 0.00666666666667 0.0266666666667 0.426666666667 0.00666666666667
0.318407960199 0.318407960199 0.0199004975124 0.0199004975124 0.318407960199 0.00497512437811
0.437606837607 0.109401709402 0.00683760683761 0.00683760683761 0.437606837607 0.0017094017094
0.756836659276 0.0473022912047 0.0029563932003 0.0029563932003 0.189209164819 0.000739098300074
0.662783171521 0.16569579288 0.00258899676375 0.00258899676375 0.16569579288 0.000647249190939
0.331070158422 0.331070158422 0.00129324280634 0.00517297122535 0.331070158422 0.000323310701584
0.165776266796 0.165776266796 0.00259025416869 0.00259025416869 0.663105067185 0.000161890885543
0.166443171198 0.166443171198 0.00065016863749 0.00065016863749 0.66577268479 4.06355398431e-05
0.166119154804 0.166119154804 0.000648902948453 0.00259561179381 0.664476619216 4.05564342783e-05
0.166666666667 0.166666666667 0.166666666667 0.166666666667 0.166666666667 0.166666666667
0.0666666666667 0.266666666667 0.0666666666667 0.266666666667 0.0666666666667 0.266666666667
0.0666666666667 0.266666666667 0.0666666666667 0.266666666667 0.0666666666667 0.266666666667
0.190476190476 0.190476190476 0.047619047619 0.190476190476 0.190476190476 0.190476190476
0.0701754385965 0.280701754386 0.0175438596491 0.280701754386 0.280701754386 0.0701754385965
0.0380952380952 0.152380952381 0.00952380952381 0.152380952381 0.609523809524 0.0380952380952
0.025641025641 0.410256410256 0.025641025641 0.102564102564 0.410256410256 0.025641025641
0.0261437908497 0.418300653595 0.00653594771242 0.104575163399 0.418300653595 0.0261437908497
0.166666666667 0.166666666667 0.166666666667 0.166666666667 0.166666666667 0.166666666667
0.0666666666667 0.266666666667 0.0666666666667 0.266666666667 0.0666666666667 0.266666666667
0.0666666666667 0.266666666667 0.0666666666667 0.266666666667 0.0666666666667 0.266666666667
0.190476190476 0.190476190476 0.047619047619 0.190476190476 0.190476190476 0.190476190476
0.0701754385965 0.280701754386 0.0175438596491 0.280701754386 0.280701754386 0.0701754385965
0.0380952380952 0.152380952381 0.00952380952381 0.152380952381 0.609523809524 0.0380952380952
0.025641025641 0.410256410256 0.025641025641 0.102564102564 0.410256410256 0.025641025641
0.0261437908497 0.418300653595 0.00653594771242 0.104575163399 0.418300653595 0.0261437908497
0.166666666667 0.166666666667 0.166666666667 0.166666666667 0.166666666667 0.166666666667
0.190476190476 0.190476190476 0.047619047619 0.190476190476 0.190476190476 0.190476190476
0.190476190476 0.190476190476 0.047619047619 0.190476190476 0.190476190476 0.190476190476
0.355555555556 0.0888888888889 0.0222222222222 0.0888888888889 0.355555555556 0.0888888888889
0.266666666667 0.266666666667 0.0666666666667 0.0666666666667 0.266666666667 0.0666666666667
0.592592592593 0.148148148148 0.037037037037 0.037037037037 0.148148148148 0.037037037037
0.646464646465 0.161616161616 0.010101010101 0.010101010101 0.161616161616 0.010101010101
0.426666666667 0.106666666667 0.00666666666667 0.0266666666667 0.426666666667 0.00666666666667
0.479400749064 0.0299625468165 0.00187265917603 0.00749063670412 0.479400749064 0.00187265917603
0.18962962963 0.0474074074074 0.000740740740741 0.00296296296296 0.758518518519 0.000740740740741
0.44329004329 0.110822510823 0.0004329004329 0.0017316017316 0.44329004329 0.0004329004329
0.332359623499 0.332359623499 0.00129827977929 0.00129827977929 0.332359623499 0.000324569944823
0.444010840108 0.111002710027 0.000433604336043 0.000433604336043 0.444010840108 0.000108401084011
0.190290360046 0.0475725900116 0.000743321718931 0.000185830429733 0.761161440186 4.64576074332e-05
0.19042969885 0.0476074247126 0.000185966502784 4.64916256959e-05 0.761718795402 1.1622906424e-05
0.190403142396 0.0476007855989 0.000185940568746 0.000185940568746 0.761612569582 1.16212855466e-05
0.166666666667 0.166666666667 0.166666666667 0.166666666667 0.166666666667 0.166666666667
0.0555555555556 0.222222222222 0.0555555555556 0.222222222222 0.222222222222 0.222222222222
0.0555555555556 0.222222222222 0.0555555555556 0.222222222222 0.222222222222 0.222222222222
0.121212121212 0.121212121212 0.030303030303 0.121212121212 0.484848484848 0.121212121212
0.0430107526882 0.0430107526882 0.010752688172 0.172043010753 0.688172043011 0.0430107526882
0.136752136752 0.136752136752 0.00854700854701 0.136752136752 0.547008547009 0.034188034188
0.0448179271709 0.179271708683 0.00280112044818 0.0448179271709 0.717086834734 0.0112044817927
0.158024691358 0.158024691358 0.00246913580247 0.0395061728395 0.632098765432 0.00987654320988
0.107202680067 0.428810720268 0.00167504187605 0.0268006700168 0.428810720268 0.00670016750419
0.046783625731 0.748538011696 0.00292397660819 0.0116959064327 0.187134502924 0.00292397660819
0.109401709402 0.437606837607 0.00683760683761 0.00683760683761 0.437606837607 0.0017094017094
0.16569579288 0.16569579288 0.00258899676375 0.00258899676375 0.662783171521 0.000647249190939
0.164418754014 0.164418754014 0.0102761721259 0.00256904303147 0.657675016057 0.000642260757868
0.438168592212 0.109542148053 0.00684638425332 0.00684638425332 0.438168592212 0.000427899015832
0.165776266796 0.165776266796 0.00259025416869 0.00259025416869 0.663105067185 0.000161890885543
0.166666666667 0.166666666667 0.166666666667 0.166666666667 0.166666666667 0.166666666667
0.0666666666667 0.266666666667 0.0666666666667 0.266666666667 0.0666666666667 0.266666666667
0.0666666666667 0.266666666667 0.0666666666667 0.266666666667 0.0666666666667 0.266666666667
0.190476190476 0.190476190476 0.047619047619 0.190476190476 0.190476190476 0.190476190476
0.0701754385965 0.280701754386 0.0175438596491 0.280701754386 0.280701754386 0.0701754385965
0.0380952380952 0.152380952381 0.00952380952381 0.152380952381 0.609523809524 0.0380952380952
0.025641025641 0.410256410256 0.025641025641 0.102564102564 0.410256410256 0.025641025641
0.0261437908497 0.418300653595 0.00653594771242 0.104575163399 0.418300653595 0.0261437908497
0.166666666667 0.166666666667 0.166666666667 0.166666666667 0.166666666667 0.166666666667
0.222222222222 0.0555555555556 0.222222222222 0.222222222222 0.222222222222 0.0555555555556
0.380952380952 0.0238095238095 0.0952380952381 0.0952380952381 0.380952380952 0.0238095238095
0.355555555556 0.0888888888889 0.0888888888889 0.0888888888889 0.355555555556 0.0222222222222
0.231884057971 0.231884057971 0.231884057971 0.0579710144928 0.231884057971 0.0144927536232
0.0969696969697 0.387878787879 0.0969696969697 0.0242424242424 0.387878787879 0.00606060606061
0.300469483568 0.300469483568 0.075117370892 0.018779342723 0.300469483568 0.00469483568075
0.137634408602 0.550537634409 0.137634408602 0.0344086021505 0.137634408602 0.00215053763441
0.0974124809741 0.389649923896 0.0974124809741 0.0243531202435 0.389649923896 0.00152207001522
0.0291837665299 0.466940264478 0.0291837665299 0.00729594163247 0.466940264478 0.000455996352029
0.0469122228331 0.187648891332 0.0117280557083 0.00293201392707 0.750595565329 0.000183250870442
0.166666666667 0.166666666667 0.166666666667 0.166666666667 0.166666666667 0.166666666667
0.266666666667 0.0666666666667 0.266666666667 0.266666666667 0.0666666666667 0.0666666666667
0.533333333333 0.0333333333333 0.133333333333 0.133333333333 0.133333333333 0.0333333333333
