Price Resolution OpticalZoom DigitalZoom Weight StorageIncluded
0.166666666667 0.166666666667 0.166666666667 0.166666666667 0.166666666667 0.166666666667
0.190476190476 0.190476190476 0.047619047619 0.190476190476 0.190476190476 0.190476190476
0.190476190476 0.190476190476 0.047619047619 0.190476190476 0.190476190476 0.190476190476
0.355555555556 0.0888888888889 0.0222222222222 0.0888888888889 0.355555555556 0.0888888888889
0.355555555556 0.0888888888889 0.0222222222222 0.0888888888889 0.355555555556 0.0888888888889
0.172043010753 0.0430107526882 0.010752688172 0.0430107526882 0.688172043011 0.0430107526882
0.152380952381 0.0380952380952 0.00952380952381 0.152380952381 0.609523809524 0.0380952380952
0.179271708683 0.0448179271709 0.00280112044818 0.0448179271709 0.717086834734 0.0112044817927
0.194381169324 0.0121488230828 0.000759301442673 0.0121488230828 0.777524677297 0.00303720577069
0.187545787546 0.0468864468864 0.000732600732601 0.0117216117216 0.750183150183 0.0029304029304
0.469509399358 0.0293443374599 0.000458505272811 0.0293443374599 0.469509399358 0.00183402109124
0.431521281079 0.10788032027 0.000421407501054 0.0269700800674 0.431521281079 0.00168563000421
0.470318061775 0.0293948788609 0.000114823745551 0.0293948788609 0.470318061775 0.000459294982202
0.188192051459 0.0470480128647 4.59453250632e-05 0.0117620032162 0.752768205835 0.000183781300253
0.189899973342 0.0474749933354 1.15905745448e-05 0.00296718708346 0.759599893367 4.63622981791e-05
0.18822448159 0.0470561203975 1.14883106439e-05 0.0117640300994 0.75289792636 4.59532425757e-05
0.470571340356 0.0294107087722 7.18034882135e-06 0.0294107087722 0.470571340356 2.87213952854e-05
0.166666666667 0.166666666667 0.166666666667 0.166666666667 0.166666666667 0.166666666667
0.166666666667 0.166666666667 0.166666666667 0.166666666667 0.166666666667 0.166666666667
0.190476190476 0.190476190476 0.047619047619 0.190476190476 0.190476190476 0.190476190476
0.484848484848 0.121212121212 0.030303030303 0.121212121212 0.121212121212 0.121212121212
0.280701754386 0.0701754385965 0.0175438596491 0.280701754386 0.280701754386 0.0701754385965
0.280701754386 0.0701754385965 0.0175438596491 0.280701754386 0.280701754386 0.0701754385965
0.136752136752 0.136752136752 0.00854700854701 0.547008547009 0.136752136752 0.034188034188
0.300469483568 0.075117370892 0.00469483568075 0.300469483568 0.300469483568 0.018779342723
0.324461343473 0.020278833967 0.00126742712294 0.324461343473 0.324461343473 0.00506970849176
0.305854241338 0.0764635603345 0.00119474313023 0.305854241338 0.305854241338 0.00477897252091
0.248785228377 0.248785228377 0.000971817298348 0.248785228377 0.248785228377 0.00388726919339
0.399220272904 0.399220272904 0.000389863547758 0.0998050682261 0.0998050682261 0.00155945419103
0.63950039032 0.15987509758 0.00015612802498 0.039968774395 0.15987509758 0.000624512099922
0.841888906017 0.0526180566261 5.13848209239e-05 0.0526180566261 0.0526180566261 0.000205539283696
0.639875024409 0.159968756102 3.90548720953e-05 0.159968756102 0.0399921890256 0.000156219488381
0.842051163448 0.0526281977155 1.28486810829e-05 0.0526281977155 0.0526281977155 5.13947243315e-05
0.166666666667 0.166666666667 0.166666666667 0.166666666667 0.166666666667 0.166666666667
0.222222222222 0.222222222222 0.0555555555556 0.222222222222 0.222222222222 0.0555555555556
0.533333333333 0.133333333333 0.0333333333333 0.133333333333 0.133333333333 0.0333333333333
0.380952380952 0.380952380952 0.0238095238095 0.0952380952381 0.0952380952381 0.0238095238095
0.380952380952 0.380952380952 0.0238095238095 0.0952380952381 0.0952380952381 0.0238095238095
0.242424242424 0.242424242424 0.0151515151515 0.242424242424 0.242424242424 0.0151515151515
0.304761904762 0.304761904762 0.0047619047619 0.0761904761905 0.304761904762 0.0047619047619
0.430976430976 0.107744107744 0.0016835016835 0.026936026936 0.430976430976 0.0016835016835
0.480751173709 0.0300469483568 0.000469483568075 0.0075117370892 0.480751173709 0.000469483568075
0.480751173709 0.0300469483568 0.000469483568075 0.0075117370892 0.480751173709 0.000469483568075
0.440430107527 0.110107526882 0.00172043010753 0.00688172043011 0.440430107527 0.000430107526882
0.483646239225 0.0302278899516 0.000472310780494 0.00188924312197 0.483646239225 0.000118077695123
0.789324083442 0.0123331888038 0.000192706075059 0.000770824300236 0.19733102086 4.81765187648e-05
0.483860488468 0.0302412805292 0.000118130002067 0.00189008003308 0.483860488468 2.95325005168e-05
0.495145704421 0.00773665163157 3.02212954358e-05 0.00193416290789 0.495145704421 7.55532385896e-06
0.166666666667 0.166666666667 0.166666666667 0.166666666667 0.166666666667 0.166666666667
0.266666666667 0.0666666666667 0.266666666667 0.266666666667 0.0666666666667 0.0666666666667
0.533333333333 0.0333333333333 0.133333333333 0.133333333333 0.133333333333 0.0333333333333
0.166666666667 0.166666666667 0.166666666667 0.166666666667 0.166666666667 0.166666666667
0.0555555555556 0.222222222222 0.0555555555556 0.222222222222 0.222222222222 0.222222222222
0.0555555555556 0.222222222222 0.0555555555556 0.222222222222 0.222222222222 0.222222222222
0.121212121212 0.121212121212 0.030303030303 0.121212121212 0.484848484848 0.121212121212
0.0430107526882 0.0430107526882 0.010752688172 0.172043010753 0.688172043011 0.0430107526882
0.136752136752 0.136752136752 0.00854700854701 0.136752136752 0.547008547009 0.034188034188
0.0448179271709 0.179271708683 0.00280112044818 0.0448179271709 0.717086834734 0.0112044817927
0.158024691358 0.158024691358 0.00246913580247 0.0395061728395 0.632098765432 0.00987654320988
0.107202680067 0.428810720268 0.00167504187605 0.0268006700168 0.428810720268 0.00670016750419
0.164418754014 0.657675016057 0.000642260757868 0.0102761721259 0.164418754014 0.00256904303147
0.0545958626573 0.873533802517 0.000213265088505 0.0136489656643 0.0545958626573 0.00341224141608
0.164497991968 0.657991967871 0.000160642570281 0.010281124498 0.164497991968 0.0025702811245
0.438309256287 0.438309256287 0.000107009095773 0.00684858212948 0.109577314072 0.00684858212948
0.750698739977 0.187674684994 4.58190148912e-05 0.0117296678121 0.0469186712486 0.00293241695304
0.440607771951 0.440607771951 2.6892564206e-05 0.00688449643674 0.110151942988 0.00172112410918
0.188094828081 0.752379312324 1.14803972217e-05 0.0117559267551 0.0470237070203 0.000734745422192
0.188094828081 0.752379312324 1.14803972217e-05 0.0117559267551 0.0470237070203 0.000734745422192
0.166666666667 0.166666666667 0.166666666667 0.166666666667 0.166666666667 0.166666666667
0.0666666666667 0.266666666667 0.0666666666667 0.266666666667 0.0666666666667 0.266666666667
0.0666666666667 0.266666666667 0.0666666666667 0.266666666667 0.0666666666667 0.266666666667
0.190476190476 0.190476190476 0.047619047619 0.190476190476 0.190476190476 0.190476190476
0.280701754386 0.0701754385965 0.0175438596491 0.280701754386 0.280701754386 0.0701754385965
0.152380952381 0.0380952380952 0.00952380952381 0.152380952381 0.609523809524 0.0380952380952
0.152380952381 0.0380952380952 0.00952380952381 0.152380952381 0.609523809524 0.0380952380952
0.179271708683 0.0448179271709 0.00280112044818 0.0448179271709 0.717086834734 0.0112044817927
0.194381169324 0.0121488230828 0.000759301442673 0.0121488230828 0.777524677297 0.00303720577069
0.187545787546 0.0468864468864 0.000732600732601 0.0117216117216 0.750183150183 0.0029304029304
0.479400749064 0.0299625468165 0.00187265917603 0.00749063670412 0.479400749064 0.00187265917603
0.187958883994 0.0469897209985 0.000734214390602 0.0117474302496 0.751835535977 0.000734214390602
0.431521281079 0.10788032027 0.00168563000421 0.0269700800674 0.431521281079 0.000421407501054
0.752249770432 0.047015610652 0.000734618916437 0.011753902663 0.188062442608 0.000183654729109
0.441141626279 0.11028540657 0.000430802369413 0.00689283791061 0.441141626279 0.000107700592353
0.188192051459 0.0470480128647 0.000183781300253 0.0117620032162 0.752768205835 4.59453250632e-05
0.166666666667 0.166666666667 0.166666666667 0.166666666667 0.166666666667 0.166666666667
0.0833333333333 0.0833333333333 0.333333333333 0.333333333333 0.0833333333333 0.0833333333333
0.222222222222 0.0555555555556 0.222222222222 0.222222222222 0.222222222222 0.0555555555556
0.166666666667 0.166666666667 0.166666666667 0.166666666667 0.166666666667 0.166666666667
0.166666666667 0.166666666667 0.166666666667 0.166666666667 0.166666666667 0.166666666667
0.0666666666667 0.266666666667 0.0666666666667 0.266666666667 0.0666666666667 0.266666666667
0.0666666666667 0.266666666667 0.0666666666667 0.266666666667 0.0666666666667 0.266666666667
0.190476190476 0.190476190476 0.047619047619 0.190476190476 0.190476190476 0.190476190476
0.280701754386 0.0701754385965 0.0175438596491 0.280701754386 0.280701754386 0.0701754385965
0.152380952381 0.0380952380952 0.00952380952381 0.152380952381 0.609523809524 0.0380952380952
0.152380952381 0.0380952380952 0.00952380952381 0.152380952381 0.609523809524 0.0380952380952
0.179271708683 0.0448179271709 0.00280112044818 0.0448179271709 0.717086834734 0.0112044817927
0.194381169324 0.0121488230828 0.000759301442673 0.0121488230828 0.777524677297 0.00303720577069
0.187545787546 0.0468864468864 0.000732600732601 0.0117216117216 0.750183150183 0.0029304029304
0.469509399358 0.0293443374599 0.000458505272811 0.0293443374599 0.469509399358 0.00183402109124
0.431521281079 0.10788032027 0.000421407501054 0.0269700800674 0.431521281079 0.00168563000421
0.470318061775 0.0293948788609 0.000114823745551 0.0293948788609 0.470318061775 0.000459294982202
0.188192051459 0.0470480128647 4.59453250632e-05 0.0117620032162 0.752768205835 0.000183781300253
0.164895330113 0.164895330113 0.000161030595813 0.010305958132 0.659581320451 0.000161030595813
0.189893370422 0.0474733426055 4.63606861382e-05 0.00296708391284 0.759573481688 4.63606861382e-05
0.18821799467 0.0470544986674 4.59516588549e-05 0.0117636246669 0.752871978678 4.59516588549e-05
