Price Resolution OpticalZoom DigitalZoom Weight StorageIncluded
0.166666666667 0.166666666667 0.166666666667 0.166666666667 0.166666666667 0.166666666667
0.0555555555556 0.222222222222 0.0555555555556 0.222222222222 0.222222222222 0.222222222222
0.0555555555556 0.222222222222 0.0555555555556 0.222222222222 0.222222222222 0.222222222222
0.121212121212 0.121212121212 0.030303030303 0.121212121212 0.484848484848 0.121212121212
0.0430107526882 0.0430107526882 0.010752688172 0.172043010753 0.688172043011 0.0430107526882
0.136752136752 0.136752136752 0.00854700854701 0.136752136752 0.547008547009 0.034188034188
0.0448179271709 0.179271708683 0.00280112044818 0.0448179271709 0.717086834734 0.0112044817927
0.158024691358 0.158024691358 0.00246913580247 0.0395061728395 0.632098765432 0.00987654320988
0.107202680067 0.428810720268 0.00167504187605 0.0268006700168 0.428810720268 0.00670016750419
0.046783625731 0.748538011696 0.00292397660819 0.0116959064327 0.187134502924 0.00292397660819
0.109401709402 0.437606837607 0.00683760683761 0.00683760683761 0.437606837607 0.0017094017094
0.16569579288 0.16569579288 0.00258899676375 0.00258899676375 0.662783171521 0.000647249190939
0.164418754014 0.164418754014 0.0102761721259 0.00256904303147 0.657675016057 0.000642260757868
0.438168592212 0.109542148053 0.00684638425332 0.00684638425332 0.438168592212 0.000427899015832
0.165776266796 0.165776266796 0.00259025416869 0.00259025416869 0.663105067185 0.000161890885543
0.1101430569 0.4405722276 0.00172098526406 0.00688394105625 0.4405722276 0.000107561579004
0.166666666667 0.166666666667 0.166666666667 0.166666666667 0.166666666667 0.166666666667
0.0666666666667 0.266666666667 0.266666666667 0.266666666667 0.0666666666667 0.0666666666667
0.190476190476 0.190476190476 0.190476190476 0.190476190476 0.190476190476 0.047619047619
0.280701754386 0.0701754385965 0.0701754385965 0.280701754386 0.280701754386 0.0175438596491
0.166666666667 0.166666666667 0.166666666667 0.166666666667 0.166666666667 0.166666666667
0.190476190476 0.190476190476 0.047619047619 0.190476190476 0.190476190476 0.190476190476
0.190476190476 0.190476190476 0.047619047619 0.190476190476 0.190476190476 0.190476190476
0.355555555556 0.0888888888889 0.0222222222222 0.0888888888889 0.355555555556 0.0888888888889
0.266666666667 0.266666666667 0.0666666666667 0.0666666666667 0.266666666667 0.0666666666667
0.592592592593 0.148148148148 0.037037037037 0.037037037037 0.148148148148 0.037037037037
0.646464646465 0.161616161616 0.010101010101 0.010101010101 0.161616161616 0.010101010101
0.426666666667 0.106666666667 0.00666666666667 0.0266666666667 0.426666666667 0.00666666666667
0.479400749064 0.0299625468165 0.00187265917603 0.00749063670412 0.479400749064 0.00187265917603
0.18962962963 0.0474074074074 0.000740740740741 0.00296296296296 0.758518518519 0.000740740740741
0.44329004329 0.110822510823 0.0004329004329 0.0017316017316 0.44329004329 0.0004329004329
0.332359623499 0.332359623499 0.00129827977929 0.00129827977929 0.332359623499 0.000324569944823
0.444010840108 0.111002710027 0.000433604336043 0.000433604336043 0.444010840108 0.000108401084011
0.443434015373 0.110858503843 0.00173216412255 0.000433041030638 0.443434015373 0.000108260257659
0.44419140572 0.11104785143 0.000433780669649 0.000108445167412 0.44419140572 2.71112918531e-05
0.444046941486 0.111011735371 0.000433639591295 0.000433639591295 0.444046941486 2.71024744559e-05
0.666117802511 0.166529450628 0.000162626416629 0.000650505666514 0.166529450628 1.01641510393e-05
0.166666666667 0.166666666667 0.166666666667 0.166666666667 0.166666666667 0.166666666667
0.0666666666667 0.266666666667 0.266666666667 0.266666666667 0.0666666666667 0.0666666666667
0.190476190476 0.190476190476 0.190476190476 0.190476190476 0.190476190476 0.047619047619
0.280701754386 0.0701754385965 0.0701754385965 0.280701754386 0.280701754386 0.0175438596491
0.166666666667 0.166666666667 0.166666666667 0.166666666667 0.166666666667 0.166666666667
0.0555555555556 0.222222222222 0.0555555555556 0.222222222222 0.222222222222 0.222222222222
0.0555555555556 0.222222222222 0.0555555555556 0.222222222222 0.222222222222 0.222222222222
0.121212121212 0.121212121212 0.030303030303 0.121212121212 0.484848484848 0.121212121212
0.0430107526882 0.0430107526882 0.010752688172 0.172043010753 0.688172043011 0.0430107526882
0.136752136752 0.136752136752 0.00854700854701 0.136752136752 0.547008547009 0.034188034188
0.0448179271709 0.179271708683 0.00280112044818 0.0448179271709 0.717086834734 0.0112044817927
0.158024691358 0.158024691358 0.00246913580247 0.0395061728395 0.632098765432 0.00987654320988
0.107202680067 0.428810720268 0.00167504187605 0.0268006700168 0.428810720268 0.00670016750419
0.046783625731 0.748538011696 0.00292397660819 0.0116959064327 0.187134502924 0.00292397660819
0.109401709402 0.437606837607 0.00683760683761 0.00683760683761 0.437606837607 0.0017094017094
0.16569579288 0.16569579288 0.00258899676375 0.00258899676375 0.662783171521 0.000647249190939
0.164418754014 0.164418754014 0.0102761721259 0.00256904303147 0.657675016057 0.000642260757868
0.438168592212 0.109542148053 0.00684638425332 0.00684638425332 0.438168592212 0.000427899015832
0.165776266796 0.165776266796 0.00259025416869 0.00259025416869 0.663105067185 0.000161890885543
0.1101430569 0.4405722276 0.00172098526406 0.00688394105625 0.4405722276 0.000107561579004
0.166666666667 0.166666666667 0.166666666667 0.166666666667 0.166666666667 0.166666666667
0.166666666667 0.166666666667 0.166666666667 0.166666666667 0.166666666667 0.166666666667
0.222222222222 0.0555555555556 0.0555555555556 0.222222222222 0.222222222222 0.222222222222
0.222222222222 0.0555555555556 0.0555555555556 0.222222222222 0.222222222222 0.222222222222
0.380952380952 0.0238095238095 0.0238095238095 0.0952380952381 0.380952380952 0.0952380952381
0.688172043011 0.0430107526882 0.010752688172 0.0430107526882 0.172043010753 0.0430107526882
0.609523809524 0.152380952381 0.00952380952381 0.0380952380952 0.152380952381 0.0380952380952
0.387878787879 0.0969696969697 0.00606060606061 0.0969696969697 0.387878787879 0.0242424242424
0.428810720268 0.0268006700168 0.00167504187605 0.107202680067 0.428810720268 0.00670016750419
0.396899224806 0.0992248062016 0.0015503875969 0.0992248062016 0.396899224806 0.0062015503876
0.304761904762 0.304761904762 0.0047619047619 0.0761904761905 0.304761904762 0.0047619047619
0.430976430976 0.107744107744 0.0016835016835 0.026936026936 0.430976430976 0.0016835016835
0.751835535977 0.0469897209985 0.000734214390602 0.0117474302496 0.187958883994 0.000734214390602
0.432067510549 0.108016877637 0.00042194092827 0.0270042194093 0.432067510549 0.00042194092827
0.181656909704 0.0454142274259 0.00070959730353 0.0454142274259 0.726627638815 0.000177399325883
0.159576125916 0.159576125916 0.00249337696743 0.0398940314789 0.638304503662 0.000155836060464
0.188088350094 0.0470220875235 0.000734720117555 0.0117555218809 0.752353400377 4.59200073472e-05
0.480962865111 0.0300601790694 0.00046969029796 0.00751504476736 0.480962865111 2.93556436225e-05
0.441177262568 0.110294315642 0.000430837170477 0.00689339472763 0.441177262568 2.69273231548e-05
0.331472040139 0.331472040139 0.000323703164198 0.00517925062717 0.331472040139 8.09257910496e-05
0.664800162305 0.166200040576 0.000162304727125 0.002596875634 0.166200040576 4.05761817813e-05
0.761294069815 0.0475808793634 4.64657025033e-05 0.000743451240053 0.190323517454 1.16164256258e-05
0.443623120714 0.110905780179 0.000108306425956 0.00173290281529 0.443623120714 6.76915162223e-06
0.332866053107 0.332866053107 8.12661262469e-05 0.00130025801995 0.332866053107 2.03165315617e-05
0.332866053107 0.332866053107 8.12661262469e-05 0.00130025801995 0.332866053107 2.03165315617e-05
0.333190978789 0.333190978789 8.1345453806e-05 0.000325381815224 0.333190978789 2.03363634515e-05
0.44438115774 0.111095289435 2.71228733972e-05 0.000108491493589 0.44438115774 6.7807183493e-06
0.166666666667 0.166666666667 0.166666666667 0.166666666667 0.166666666667 0.166666666667
0.0666666666667 0.266666666667 0.266666666667 0.266666666667 0.0666666666667 0.0666666666667
0.190476190476 0.190476190476 0.190476190476 0.190476190476 0.190476190476 0.047619047619
0.280701754386 0.0701754385965 0.0701754385965 0.280701754386 0.280701754386 0.0175438596491
0.166666666667 0.166666666667 0.166666666667 0.166666666667 0.166666666667 0.166666666667
0.166666666667 0.166666666667 0.166666666667 0.166666666667 0.166666666667 0.166666666667
0.0555555555556 0.222222222222 0.0555555555556 0.222222222222 0.222222222222 0.222222222222
0.0555555555556 0.222222222222 0.0555555555556 0.222222222222 0.222222222222 0.222222222222
0.121212121212 0.121212121212 0.030303030303 0.121212121212 0.484848484848 0.121212121212
0.0430107526882 0.0430107526882 0.010752688172 0.172043010753 0.688172043011 0.0430107526882
0.136752136752 0.136752136752 0.00854700854701 0.136752136752 0.547008547009 0.034188034188
0.0448179271709 0.179271708683 0.00280112044818 0.0448179271709 0.717086834734 0.0112044817927
0.158024691358 0.158024691358 0.00246913580247 0.0395061728395 0.632098765432 0.00987654320988
0.107202680067 0.428810720268 0.00167504187605 0.0268006700168 0.428810720268 0.00670016750419
0.046783625731 0.748538011696 0.00292397660819 0.0116959064327 0.187134502924 0.00292397660819
0.109401709402 0.437606837607 0.00683760683761 0.00683760683761 0.437606837607 0.0017094017094
0.16569579288 0.16569579288 0.00258899676375 0.00258899676375 0.662783171521 0.000647249190939
0.164418754014 0.164418754014 0.0102761721259 0.00256904303147 0.657675016057 0.000642260757868
0.438168592212 0.109542148053 0.00684638425332 0.00684638425332 0.438168592212 0.000427899015832
0.165776266796 0.165776266796 0.00259025416869 0.00259025416869 0.663105067185 0.000161890885543
0.1101430569 0.4405722276 0.00172098526406 0.00688394105625 0.4405722276 0.000107561579004
