Price Resolution OpticalZoom DigitalZoom Weight StorageIncluded
0.166666666667 0.166666666667 0.166666666667 0.166666666667 0.166666666667 0.166666666667
0.266666666667 0.0666666666667 0.266666666667 0.266666666667 0.0666666666667 0.0666666666667
0.533333333333 0.0333333333333 0.133333333333 0.133333333333 0.133333333333 0.0333333333333
0.355555555556 0.0888888888889 0.0888888888889 0.0888888888889 0.355555555556 0.0222222222222
0.280701754386 0.280701754386 0.0701754385965 0.0701754385965 0.280701754386 0.0175438596491
0.152380952381 0.609523809524 0.0380952380952 0.0380952380952 0.152380952381 0.00952380952381
0.418300653595 0.418300653595 0.0261437908497 0.0261437908497 0.104575163399 0.00653594771242
0.179271708683 0.717086834734 0.0112044817927 0.0448179271709 0.0448179271709 0.00280112044818
0.0519059205191 0.830494728305 0.0129764801298 0.0519059205191 0.0519059205191 0.00081103000811
0.0499609679938 0.7993754879 0.0499609679938 0.0499609679938 0.0499609679938 0.000780640124902
0.0147025040202 0.940960257294 0.0147025040202 0.0147025040202 0.0147025040202 0.000229726625316
0.0563256325633 0.901210121012 0.0140814081408 0.0140814081408 0.0140814081408 0.0002200220022
0.186012715713 0.744050862852 0.0116257947321 0.0465031789282 0.0116257947321 0.000181653042688
0.179743724767 0.71897489907 0.011233982798 0.0449359311919 0.0449359311919 0.000175530981218
0.429485163049 0.429485163049 0.00671070567264 0.107371290762 0.0268428226906 0.000104854776135
0.186038061498 0.744152245992 0.0116273788436 0.0465095153745 0.0116273788436 4.54194486079e-05
0.179767390827 0.719069563309 0.0112354619267 0.0449418477068 0.0449418477068 4.38885231512e-05
0.390234607598 0.390234607598 0.0243896629749 0.0975586518995 0.0975586518995 2.38180302489e-05
0.633657239546 0.158414309886 0.0099008943679 0.0396035774716 0.158414309886 9.66884215615e-06
0.166666666667 0.166666666667 0.166666666667 0.166666666667 0.166666666667 0.166666666667
0.222222222222 0.0555555555556 0.222222222222 0.222222222222 0.222222222222 0.0555555555556
0.380952380952 0.0238095238095 0.0952380952381 0.0952380952381 0.380952380952 0.0238095238095
0.172043010753 0.0430107526882 0.0430107526882 0.0430107526882 0.688172043011 0.010752688172
0.152380952381 0.152380952381 0.0380952380952 0.0380952380952 0.609523809524 0.00952380952381
0.104575163399 0.418300653595 0.0261437908497 0.0261437908497 0.418300653595 0.00653594771242
0.318407960199 0.318407960199 0.0199004975124 0.0199004975124 0.318407960199 0.00497512437811
0.107202680067 0.428810720268 0.00670016750419 0.0268006700168 0.428810720268 0.00167504187605
0.0974124809741 0.389649923896 0.0243531202435 0.0974124809741 0.389649923896 0.00152207001522
0.153753753754 0.615015015015 0.0384384384384 0.0384384384384 0.153753753754 0.000600600600601
0.0449359311919 0.71897489907 0.011233982798 0.0449359311919 0.179743724767 0.000175530981218
0.0291937507127 0.467100011404 0.00729843767818 0.0291937507127 0.467100011404 0.000114038088722
0.0993692382339 0.397476952935 0.00621057738962 0.0993692382339 0.397476952935 9.70402717128e-05
0.159576125916 0.638304503662 0.00249337696743 0.0398940314789 0.159576125916 0.000155836060464
0.0546045965979 0.873673545566 0.00341278728737 0.0136511491495 0.0546045965979 5.33248013651e-05
0.158409714971 0.633638859883 0.00990060718568 0.0396024287427 0.158409714971 3.8674246819e-05
0.0993764708737 0.397505883495 0.0062110294296 0.0993764708737 0.397505883495 2.42618337094e-05
0.166666666667 0.166666666667 0.166666666667 0.166666666667 0.166666666667 0.166666666667
0.0833333333333 0.333333333333 0.0833333333333 0.0833333333333 0.0833333333333 0.333333333333
0.266666666667 0.266666666667 0.0666666666667 0.0666666666667 0.0666666666667 0.266666666667
0.533333333333 0.133333333333 0.0333333333333 0.0333333333333 0.133333333333 0.133333333333
0.711111111111 0.0444444444444 0.0111111111111 0.0111111111111 0.0444444444444 0.177777777778
0.711111111111 0.0444444444444 0.0111111111111 0.0111111111111 0.0444444444444 0.177777777778
0.380952380952 0.0952380952381 0.0238095238095 0.0238095238095 0.0952380952381 0.380952380952
0.380952380952 0.0952380952381 0.0238095238095 0.0238095238095 0.0952380952381 0.380952380952
0.280701754386 0.0701754385965 0.0175438596491 0.0701754385965 0.280701754386 0.280701754386
0.387878787879 0.0969696969697 0.00606060606061 0.0242424242424 0.387878787879 0.0969696969697
0.466302367942 0.0291438979964 0.00182149362477 0.00728597449909 0.466302367942 0.0291438979964
0.418300653595 0.104575163399 0.00653594771242 0.0261437908497 0.418300653595 0.0261437908497
0.318407960199 0.318407960199 0.00497512437811 0.0199004975124 0.318407960199 0.0199004975124
0.162849872774 0.651399491094 0.00254452926209 0.0101781170483 0.162849872774 0.0101781170483
0.329472329472 0.329472329472 0.001287001287 0.00514800514801 0.329472329472 0.00514800514801
0.324461343473 0.324461343473 0.00126742712294 0.020278833967 0.324461343473 0.00506970849176
0.323232323232 0.323232323232 0.00505050505051 0.020202020202 0.323232323232 0.00505050505051
0.330749354005 0.330749354005 0.00129198966408 0.00516795865633 0.330749354005 0.00129198966408
0.324461343473 0.324461343473 0.00506970849176 0.020278833967 0.324461343473 0.00126742712294
0.657675016057 0.164418754014 0.00256904303147 0.0102761721259 0.164418754014 0.000642260757868
0.429350104822 0.429350104822 0.00670859538784 0.0268343815514 0.107337526205 0.00041928721174
0.725084085679 0.18127102142 0.00283235970968 0.0453177553549 0.0453177553549 0.000177022481855
0.638304503662 0.159576125916 0.00249337696743 0.0398940314789 0.159576125916 0.000155836060464
0.166666666667 0.166666666667 0.166666666667 0.166666666667 0.166666666667 0.166666666667
0.166666666667 0.166666666667 0.166666666667 0.166666666667 0.166666666667 0.166666666667
0.222222222222 0.0555555555556 0.222222222222 0.222222222222 0.222222222222 0.0555555555556
0.380952380952 0.0238095238095 0.0952380952381 0.0952380952381 0.380952380952 0.0238095238095
0.172043010753 0.0430107526882 0.0430107526882 0.0430107526882 0.688172043011 0.010752688172
0.152380952381 0.152380952381 0.0380952380952 0.0380952380952 0.609523809524 0.00952380952381
0.104575163399 0.418300653595 0.0261437908497 0.0261437908497 0.418300653595 0.00653594771242
0.318407960199 0.318407960199 0.0199004975124 0.0199004975124 0.318407960199 0.00497512437811
0.107202680067 0.428810720268 0.00670016750419 0.0268006700168 0.428810720268 0.00167504187605
0.0974124809741 0.389649923896 0.0243531202435 0.0974124809741 0.389649923896 0.00152207001522
0.153753753754 0.615015015015 0.0384384384384 0.0384384384384 0.153753753754 0.000600600600601
0.0449359311919 0.71897489907 0.011233982798 0.0449359311919 0.179743724767 0.000175530981218
0.0291937507127 0.467100011404 0.00729843767818 0.0291937507127 0.467100011404 0.000114038088722
0.0993692382339 0.397476952935 0.00621057738962 0.0993692382339 0.397476952935 9.70402717128e-05
0.159576125916 0.638304503662 0.00249337696743 0.0398940314789 0.159576125916 0.000155836060464
0.0546045965979 0.873673545566 0.00341278728737 0.0136511491495 0.0546045965979 5.33248013651e-05
0.158409714971 0.633638859883 0.00990060718568 0.0396024287427 0.158409714971 3.8674246819e-05
0.0993764708737 0.397505883495 0.0062110294296 0.0993764708737 0.397505883495 2.42618337094e-05
0.166666666667 0.166666666667 0.166666666667 0.166666666667 0.166666666667 0.166666666667
0.190476190476 0.190476190476 0.047619047619 0.190476190476 0.190476190476 0.190476190476
0.166666666667 0.166666666667 0.166666666667 0.166666666667 0.166666666667 0.166666666667
0.333333333333 0.0833333333333 0.0833333333333 0.0833333333333 0.0833333333333 0.333333333333
0.333333333333 0.0833333333333 0.0833333333333 0.0833333333333 0.0833333333333 0.333333333333
0.121212121212 0.121212121212 0.030303030303 0.121212121212 0.121212121212 0.484848484848
0.333333333333 0.0833333333333 0.0833333333333 0.0833333333333 0.0833333333333 0.333333333333
0.484848484848 0.030303030303 0.121212121212 0.121212121212 0.121212121212 0.121212121212
0.688172043011 0.010752688172 0.0430107526882 0.0430107526882 0.172043010753 0.0430107526882
0.666666666667 0.0416666666667 0.0416666666667 0.0416666666667 0.166666666667 0.0416666666667
0.853333333333 0.0133333333333 0.0133333333333 0.0533333333333 0.0533333333333 0.0133333333333
0.90780141844 0.00354609929078 0.0141843971631 0.0141843971631 0.0567375886525 0.00354609929078
0.90780141844 0.00354609929078 0.0141843971631 0.0141843971631 0.0567375886525 0.00354609929078
0.961502347418 0.0037558685446 0.0037558685446 0.0150234741784 0.0150234741784 0.00093896713615
0.910222222222 0.00355555555556 0.0142222222222 0.0142222222222 0.0568888888889 0.000888888888889
0.864135021097 0.0135021097046 0.0135021097046 0.0540084388186 0.0540084388186 0.00084388185654
0.962179938924 0.00375851538642 0.00375851538642 0.0150340615457 0.0150340615457 0.000234907211651
0.910222222222 0.00355555555556 0.0142222222222 0.0568888888889 0.0142222222222 0.000888888888889
0.964899882214 0.000942285041225 0.0037691401649 0.0150765606596 0.0150765606596 0.000235571260306
0.979611360239 0.000239162929746 0.000956651718984 0.00382660687593 0.0153064275037 5.97907324365e-05
0.925806633893 0.000904108040911 0.000904108040911 0.0144657286546 0.0578629146183 5.65067525569e-05
0.88499972992 0.003457030195 0.00086425754875 0.05531248312 0.05531248312 5.40160967968e-05
0.882711060826 0.00344809008135 0.00344809008135 0.0551694413017 0.0551694413017 5.38764075211e-05
0.887336339142 0.000866539393693 0.000866539393693 0.0554585211964 0.0554585211964 1.35396780265e-05
0.759072008525 0.000741281258325 0.0029651250333 0.0474420005328 0.189768002131 1.15825196613e-05
0.887336339142 0.000866539393693 0.000866539393693 0.0554585211964 0.0554585211964 1.35396780265e-05
0.885035584545 0.00345717025213 0.000864292563033 0.0553147240341 0.0553147240341 1.35045712974e-05
0.750724538071 0.0117300709074 0.00293251772684 0.187681134518 0.0469202836294 1.14551473705e-05
0.440616658935 0.00688463529586 0.00172115882396 0.440616658935 0.110154164734 6.72327665611e-06
0.429527386172 0.0268454616358 0.00671136540894 0.429527386172 0.107381846543 6.55406778217e-06
0.750730987872 0.0117301716855 0.00293254292137 0.187682746968 0.046920686742 2.86381144665e-06
0.429529497546 0.0268455935966 0.00671139839916 0.429529497546 0.107382374387 1.6385249998e-06
0.166666666667 0.166666666667 0.166666666667 0.166666666667 0.166666666667 0.166666666667
0.0555555555556 0.222222222222 0.222222222222 0.222222222222 0.0555555555556 0.222222222222
0.190476190476 0.190476190476 0.190476190476 0.190476190476 0.047619047619 0.190476190476
0.333333333333 0.0833333333333 0.333333333333 0.0833333333333 0.0833333333333 0.0833333333333
0.666666666667 0.0416666666667 0.166666666667 0.0416666666667 0.0416666666667 0.0416666666667
0.166666666667 0.166666666667 0.166666666667 0.166666666667 0.166666666667 0.166666666667
0.0666666666667 0.266666666667 0.266666666667 0.0666666666667 0.0666666666667 0.266666666667
0.222222222222 0.222222222222 0.222222222222 0.0555555555556 0.0555555555556 0.222222222222
0.355555555556 0.0888888888889 0.355555555556 0.0222222222222 0.0888888888889 0.0888888888889
0.166666666667 0.166666666667 0.166666666667 0.166666666667 0.166666666667 0.166666666667
0.222222222222 0.0555555555556 0.222222222222 0.222222222222 0.0555555555556 0.222222222222
0.484848484848 0.030303030303 0.121212121212 0.121212121212 0.121212121212 0.121212121212
0.444444444444 0.111111111111 0.111111111111 0.111111111111 0.111111111111 0.111111111111
0.222222222222 0.222222222222 0.222222222222 0.222222222222 0.0555555555556 0.0555555555556
0.533333333333 0.133333333333 0.133333333333 0.133333333333 0.0333333333333 0.0333333333333
0.296296296296 0.296296296296 0.0740740740741 0.296296296296 0.0185185185185 0.0185185185185
0.0969696969697 0.387878787879 0.0969696969697 0.387878787879 0.0242424242424 0.00606060606061
0.284444444444 0.284444444444 0.0711111111111 0.284444444444 0.0711111111111 0.00444444444444
0.550537634409 0.137634408602 0.137634408602 0.137634408602 0.0344086021505 0.00215053763441
0.23507805326 0.23507805326 0.23507805326 0.23507805326 0.058769513315 0.000918273645546
0.363507277245 0.0908768193113 0.0908768193113 0.363507277245 0.0908768193113 0.000354987575435
0.363507277245 0.0908768193113 0.0908768193113 0.363507277245 0.0908768193113 0.000354987575435
0.285395763657 0.285395763657 0.0713489409142 0.285395763657 0.0713489409142 0.00111482720178
0.390095238095 0.0975238095238 0.024380952381 0.390095238095 0.0975238095238 0.000380952380952
0.301797819039 0.0754494547598 0.0188623636899 0.301797819039 0.301797819039 0.000294724432655
0.166666666667 0.166666666667 0.166666666667 0.166666666667 0.166666666667 0.166666666667
0.190476190476 0.190476190476 0.047619047619 0.190476190476 0.190476190476 0.190476190476
0.166666666667 0.166666666667 0.166666666667 0.166666666667 0.166666666667 0.166666666667
0.333333333333 0.0833333333333 0.0833333333333 0.0833333333333 0.0833333333333 0.333333333333
0.333333333333 0.0833333333333 0.0833333333333 0.0833333333333 0.0833333333333 0.333333333333
0.121212121212 0.121212121212 0.030303030303 0.121212121212 0.121212121212 0.484848484848
0.333333333333 0.0833333333333 0.0833333333333 0.0833333333333 0.0833333333333 0.333333333333
0.484848484848 0.030303030303 0.121212121212 0.121212121212 0.121212121212 0.121212121212
0.688172043011 0.010752688172 0.0430107526882 0.0430107526882 0.172043010753 0.0430107526882
0.666666666667 0.0416666666667 0.0416666666667 0.0416666666667 0.166666666667 0.0416666666667
0.853333333333 0.0133333333333 0.0133333333333 0.0533333333333 0.0533333333333 0.0133333333333
0.90780141844 0.00354609929078 0.0141843971631 0.0141843971631 0.0567375886525 0.00354609929078
0.90780141844 0.00354609929078 0.0141843971631 0.0141843971631 0.0567375886525 0.00354609929078
0.961502347418 0.0037558685446 0.0037558685446 0.0150234741784 0.0150234741784 0.00093896713615
0.910222222222 0.00355555555556 0.0142222222222 0.0142222222222 0.0568888888889 0.000888888888889
0.864135021097 0.0135021097046 0.0135021097046 0.0540084388186 0.0540084388186 0.00084388185654
0.962179938924 0.00375851538642 0.00375851538642 0.0150340615457 0.0150340615457 0.000234907211651
0.910222222222 0.00355555555556 0.0142222222222 0.0568888888889 0.0142222222222 0.000888888888889
0.964899882214 0.000942285041225 0.0037691401649 0.0150765606596 0.0150765606596 0.000235571260306
0.979611360239 0.000239162929746 0.000956651718984 0.00382660687593 0.0153064275037 5.97907324365e-05
0.925806633893 0.000904108040911 0.000904108040911 0.0144657286546 0.0578629146183 5.65067525569e-05
0.88499972992 0.003457030195 0.00086425754875 0.05531248312 0.05531248312 5.40160967968e-05
0.882711060826 0.00344809008135 0.00344809008135 0.0551694413017 0.0551694413017 5.38764075211e-05
0.887336339142 0.000866539393693 0.000866539393693 0.0554585211964 0.0554585211964 1.35396780265e-05
0.759072008525 0.000741281258325 0.0029651250333 0.0474420005328 0.189768002131 1.15825196613e-05
0.887336339142 0.000866539393693 0.000866539393693 0.0554585211964 0.0554585211964 1.35396780265e-05
0.885035584545 0.00345717025213 0.000864292563033 0.0553147240341 0.0553147240341 1.35045712974e-05
0.750724538071 0.0117300709074 0.00293251772684 0.187681134518 0.0469202836294 1.14551473705e-05
0.440616658935 0.00688463529586 0.00172115882396 0.440616658935 0.110154164734 6.72327665611e-06
0.429527386172 0.0268454616358 0.00671136540894 0.429527386172 0.107381846543 6.55406778217e-06
0.750730987872 0.0117301716855 0.00293254292137 0.187682746968 0.046920686742 2.86381144665e-06
0.429529497546 0.0268455935966 0.00671139839916 0.429529497546 0.107382374387 1.6385249998e-06
