Price Resolution OpticalZoom DigitalZoom Weight StorageIncluded
0.166666666667 0.166666666667 0.166666666667 0.166666666667 0.166666666667 0.166666666667
0.190476190476 0.190476190476 0.047619047619 0.190476190476 0.190476190476 0.190476190476
0.190476190476 0.190476190476 0.047619047619 0.190476190476 0.190476190476 0.190476190476
0.355555555556 0.0888888888889 0.0222222222222 0.0888888888889 0.355555555556 0.0888888888889
0.355555555556 0.0888888888889 0.0222222222222 0.0888888888889 0.355555555556 0.0888888888889
0.136752136752 0.136752136752 0.00854700854701 0.034188034188 0.547008547009 0.136752136752
0.137634408602 0.137634408602 0.00215053763441 0.0344086021505 0.550537634409 0.137634408602
0.179649122807 0.0449122807018 0.000701754385965 0.0112280701754 0.718596491228 0.0449122807018
0.0545958626573 0.0545958626573 0.000213265088505 0.00341224141608 0.873533802517 0.0136489656643
0.054042643023 0.054042643023 0.000211104074309 0.0135106607558 0.864682288368 0.0135106607558
0.0449359311919 0.179743724767 0.000175530981218 0.011233982798 0.71897489907 0.0449359311919
0.0540512008446 0.0540512008446 5.27843758248e-05 0.0135128002111 0.864819213513 0.0135128002111
0.186038061498 0.0465095153745 4.54194486079e-05 0.0116273788436 0.744152245992 0.0116273788436
0.163258798677 0.163258798677 3.98581051457e-05 0.0102036749173 0.653035194707 0.0102036749173
0.109586109105 0.438344436418 2.67544211681e-05 0.00684913181903 0.438344436418 0.00684913181903
0.165801430928 0.165801430928 1.01197162432e-05 0.00259064735825 0.663205723712 0.00259064735825
0.055315284291 0.055315284291 3.37617701971e-06 0.00345720526819 0.885044548656 0.000864301317047
0.189769650639 0.0474424126598 2.89565506957e-06 0.00296515079124 0.759078602557 0.000741287697809
0.0579054000921 0.014476350023 8.83566285585e-07 0.000904771876439 0.926486401473 0.00022619296911
0.055315424357 0.055315424357 8.44046392166e-07 0.00345721402231 0.885046789712 0.000864303505578
0.0474425156927 0.189770062771 7.23915339549e-07 0.00296515723079 0.759080251083 0.000741289307698
0.0554953275104 0.0554953275104 2.11697874109e-07 0.00086711449235 0.887925240166 0.000216778623087
0.190299166356 0.047574791589 1.81483427387e-07 0.000743356118578 0.761196665424 0.000185839029644
0.0579447681877 0.0144861920469 5.52604371907e-08 0.000226346750733 0.927116291003 0.000226346750733
0.0555314504214 0.0555314504214 5.29589180196e-08 0.000216919728208 0.888503206742 0.000216919728208
0.190299192258 0.0475747980645 4.53708630223e-08 0.000743356219758 0.761196769032 0.000185839054939
0.0554953385244 0.0554953385244 1.32311197577e-08 0.000867114664443 0.88792541639 0.000216778666111
0.190299198734 0.0475747996834 1.13427161416e-08 0.000743356245053 0.761196794934 0.000185839061263
0.166666666667 0.166666666667 0.166666666667 0.166666666667 0.166666666667 0.166666666667
0.190476190476 0.190476190476 0.047619047619 0.190476190476 0.190476190476 0.190476190476
0.190476190476 0.190476190476 0.047619047619 0.190476190476 0.190476190476 0.190476190476
0.355555555556 0.0888888888889 0.0222222222222 0.0888888888889 0.355555555556 0.0888888888889
0.355555555556 0.0888888888889 0.0222222222222 0.0888888888889 0.355555555556 0.0888888888889
0.355555555556 0.0888888888889 0.0222222222222 0.0888888888889 0.355555555556 0.0888888888889
0.124031007752 0.124031007752 0.0077519379845 0.124031007752 0.496124031008 0.124031007752
0.153477218225 0.153477218225 0.00239808153477 0.0383693045564 0.613908872902 0.0383693045564
0.0540084388186 0.0540084388186 0.00084388185654 0.0135021097046 0.864135021097 0.0135021097046
0.0519059205191 0.0519059205191 0.00081103000811 0.0519059205191 0.830494728305 0.0129764801298
0.0498442367601 0.0498442367601 0.00311526479751 0.0498442367601 0.797507788162 0.0498442367601
0.173441734417 0.0433604336043 0.00271002710027 0.0433604336043 0.693766937669 0.0433604336043
0.153477218225 0.153477218225 0.00239808153477 0.0383693045564 0.613908872902 0.0383693045564
0.420361247947 0.105090311987 0.00164203612479 0.0262725779967 0.420361247947 0.0262725779967
0.389649923896 0.0974124809741 0.00152207001522 0.0974124809741 0.389649923896 0.0243531202435
0.137856758212 0.137856758212 0.000538502961766 0.137856758212 0.551427032849 0.034464189553
0.0754494547598 0.301797819039 0.000294724432655 0.301797819039 0.301797819039 0.0188623636899
0.246094688777 0.246094688777 0.000240326844509 0.246094688777 0.246094688777 0.0153809180485
0.137912457912 0.55164983165 0.00013468013468 0.137912457912 0.137912457912 0.0344781144781
0.246139054143 0.246139054143 6.00925425155e-05 0.246139054143 0.246139054143 0.015383690884
0.166666666667 0.166666666667 0.166666666667 0.166666666667 0.166666666667 0.166666666667
0.222222222222 0.0555555555556 0.222222222222 0.222222222222 0.222222222222 0.0555555555556
0.380952380952 0.0238095238095 0.0952380952381 0.0952380952381 0.380952380952 0.0238095238095
0.380952380952 0.0238095238095 0.0952380952381 0.0952380952381 0.380952380952 0.0238095238095
0.172043010753 0.0430107526882 0.0430107526882 0.0430107526882 0.688172043011 0.010752688172
0.136752136752 0.136752136752 0.034188034188 0.136752136752 0.547008547009 0.00854700854701
0.0448179271709 0.0448179271709 0.0112044817927 0.179271708683 0.717086834734 0.00280112044818
0.0142222222222 0.0142222222222 0.00355555555556 0.0568888888889 0.910222222222 0.000888888888889
0.0142222222222 0.0142222222222 0.00355555555556 0.0568888888889 0.910222222222 0.000888888888889
0.0524160524161 0.0524160524161 0.003276003276 0.0524160524161 0.838656838657 0.000819000819001
0.0569268401156 0.0142317100289 0.00355792750723 0.0142317100289 0.91082944185 0.000222370469202
0.0152517128388 0.00381292820971 0.000953232052428 0.00381292820971 0.976109621686 5.95770032767e-05
0.0149079897508 0.0149079897508 0.000931749359422 0.0149079897508 0.954111344048 0.000232937339856
0.0142697881828 0.0570791527313 0.000891861761427 0.0142697881828 0.913266443701 0.000222965440357
0.015089890952 0.015089890952 0.000235779546124 0.00377247273799 0.965753020925 5.89448865311e-05
0.0153098602078 0.00382746505195 5.98041414368e-05 0.000956866262989 0.9798310533 1.49510353592e-05
0.0152660375389 0.00381650938474 5.96329591365e-05 0.00381650938474 0.977026402493 1.49082397841e-05
0.00386088740084 0.00386088740084 1.50815914095e-05 0.00386088740084 0.988387174615 1.50815914095e-05
0.0152667203387 0.00381668008468 1.49089065808e-05 0.00381668008468 0.977070101679 1.49089065808e-05
0.166666666667 0.166666666667 0.166666666667 0.166666666667 0.166666666667 0.166666666667
0.0666666666667 0.266666666667 0.0666666666667 0.266666666667 0.0666666666667 0.266666666667
0.0666666666667 0.266666666667 0.0666666666667 0.266666666667 0.0666666666667 0.266666666667
0.190476190476 0.190476190476 0.047619047619 0.190476190476 0.190476190476 0.190476190476
0.190476190476 0.190476190476 0.047619047619 0.190476190476 0.190476190476 0.190476190476
0.190476190476 0.190476190476 0.047619047619 0.190476190476 0.190476190476 0.190476190476
0.0701754385965 0.280701754386 0.0175438596491 0.0701754385965 0.280701754386 0.280701754386
0.0711111111111 0.284444444444 0.00444444444444 0.0711111111111 0.284444444444 0.284444444444
0.137634408602 0.137634408602 0.00215053763441 0.0344086021505 0.550537634409 0.137634408602
0.179649122807 0.0449122807018 0.000701754385965 0.0112280701754 0.718596491228 0.0449122807018
0.0545958626573 0.0545958626573 0.000213265088505 0.00341224141608 0.873533802517 0.0136489656643
0.054042643023 0.054042643023 0.000211104074309 0.0135106607558 0.864682288368 0.0135106607558
0.0575507221941 0.0143876805485 5.62018771427e-05 0.00359692013713 0.920811555106 0.00359692013713
0.0575507221941 0.0143876805485 5.62018771427e-05 0.00359692013713 0.920811555106 0.00359692013713
0.0578653669563 0.0144663417391 1.41272868546e-05 0.000904146358692 0.9258458713 0.000904146358692
0.0553147240341 0.0553147240341 1.35045712974e-05 0.00345717025213 0.885035584545 0.000864292563033
0.0553147240341 0.0553147240341 1.35045712974e-05 0.00345717025213 0.885035584545 0.000864292563033
0.189768002131 0.0474420005328 1.15825196613e-05 0.0029651250333 0.759072008525 0.000741281258325
0.165801430928 0.165801430928 1.01197162432e-05 0.00259064735825 0.663205723712 0.00259064735825
0.110154164734 0.440616658935 6.72327665611e-06 0.00688463529586 0.440616658935 0.00172115882396
0.331175558015 0.331175558015 5.0533379824e-06 0.00517461809398 0.331175558015 0.0012936545235
0.110154720184 0.440618880737 1.68082763953e-06 0.00688467001151 0.440618880737 0.00172116750288
0.331176813176 0.331176813176 1.26333928366e-06 0.00517463770588 0.331176813176 0.00129365942647
0.659368548671 0.164842137168 6.28822849913e-07 0.010302633573 0.164842137168 0.000643914598311
0.331498762147 0.331498762147 3.1614185538e-07 0.00517966815854 0.331498762147 0.000323729259909
0.164921861643 0.659687446573 1.57281743663e-07 0.0103076163527 0.164921861643 0.000161056505511
0.110332926652 0.441331706606 1.05221678402e-07 0.00689580791572 0.441331706606 0.000107746998683
0.33157926858 0.33157926858 3.16218632297e-07 0.00518092607156 0.33157926858 8.09519698682e-05
0.110341843403 0.441367373614 1.05230182079e-07 0.00689636521271 0.441367373614 2.69389266122e-05
0.110332926652 0.441331706606 1.05221678402e-07 0.00689580791572 0.441331706606 0.000107746998683
0.331579347219 0.331579347219 7.90546768233e-08 0.00518092730029 0.331579347219 8.09519890671e-05
0.166227013419 0.664908053678 3.96316083478e-08 0.00259729708468 0.166227013419 4.05827669481e-05
0.166666666667 0.166666666667 0.166666666667 0.166666666667 0.166666666667 0.166666666667
0.0666666666667 0.266666666667 0.0666666666667 0.266666666667 0.0666666666667 0.266666666667
0.0666666666667 0.266666666667 0.0666666666667 0.266666666667 0.0666666666667 0.266666666667
0.190476190476 0.190476190476 0.047619047619 0.190476190476 0.190476190476 0.190476190476
0.190476190476 0.190476190476 0.047619047619 0.190476190476 0.190476190476 0.190476190476
0.190476190476 0.190476190476 0.047619047619 0.190476190476 0.190476190476 0.190476190476
0.0701754385965 0.280701754386 0.0175438596491 0.0701754385965 0.280701754386 0.280701754386
0.0711111111111 0.284444444444 0.00444444444444 0.0711111111111 0.284444444444 0.284444444444
0.137634408602 0.137634408602 0.00215053763441 0.0344086021505 0.550537634409 0.137634408602
0.179649122807 0.0449122807018 0.000701754385965 0.0112280701754 0.718596491228 0.0449122807018
0.0545958626573 0.0545958626573 0.000213265088505 0.00341224141608 0.873533802517 0.0136489656643
0.054042643023 0.054042643023 0.000211104074309 0.0135106607558 0.864682288368 0.0135106607558
0.0575507221941 0.0143876805485 5.62018771427e-05 0.00359692013713 0.920811555106 0.00359692013713
0.0575507221941 0.0143876805485 5.62018771427e-05 0.00359692013713 0.920811555106 0.00359692013713
0.0578653669563 0.0144663417391 1.41272868546e-05 0.000904146358692 0.9258458713 0.000904146358692
0.0554585211964 0.0554585211964 1.35396780265e-05 0.000866539393693 0.887336339142 0.000866539393693
0.0579445664591 0.0144861416148 3.53665566767e-06 0.000226345962731 0.927113063345 0.000226345962731
0.197454090779 0.0123408806737 3.01291032072e-06 0.000192826260526 0.789816363116 0.000192826260526
0.190192612972 0.047548153243 2.90210896258e-06 0.000742939894421 0.760770451887 0.000742939894421
0.197454536964 0.0123409085602 7.5322928224e-07 0.000192826696254 0.789818147854 0.000192826696254
0.496003640408 0.00775005688137 4.73025932701e-07 0.000121094638771 0.496003640408 0.000121094638771
0.19745464851 0.0123409155319 1.88307426939e-07 0.000192826805186 0.78981859404 0.000192826805186
0.496003816375 0.00775005963085 1.18256525129e-07 0.000121094681732 0.496003816375 0.000121094681732
0.498994929424 0.00194919894306 2.9742415513e-08 3.04562334853e-05 0.498994929424 3.04562334853e-05
0.199372092352 0.003115188943 1.18835027428e-08 1.21687068086e-05 0.797488369408 1.21687068086e-05
0.197518955106 0.0123449346941 1.17730471555e-08 4.8222401149e-05 0.790075820425 1.20556002872e-05
0.199373913721 0.00311521740189 2.9709028262e-09 1.21688179761e-05 0.797495654884 3.04220449403e-06
0.19752788679 0.0123454929244 2.94339488134e-09 1.2056145434e-05 0.79011154716 3.01403635849e-06
0.197520742774 0.0123450464234 2.9432884272e-09 4.82228375912e-05 0.790082971095 3.01392734945e-06
0.496105251882 0.00775164456066 1.84813608185e-09 3.02798615651e-05 0.496105251882 7.56996539127e-06
