Price Resolution OpticalZoom DigitalZoom Weight StorageIncluded
0.166666666667 0.166666666667 0.166666666667 0.166666666667 0.166666666667 0.166666666667
0.0666666666667 0.266666666667 0.0666666666667 0.266666666667 0.0666666666667 0.266666666667
0.0666666666667 0.266666666667 0.0666666666667 0.266666666667 0.0666666666667 0.266666666667
0.190476190476 0.190476190476 0.047619047619 0.190476190476 0.190476190476 0.190476190476
0.190476190476 0.190476190476 0.047619047619 0.190476190476 0.190476190476 0.190476190476
0.280701754386 0.0701754385965 0.0175438596491 0.280701754386 0.280701754386 0.0701754385965
0.197530864198 0.197530864198 0.0123456790123 0.197530864198 0.197530864198 0.197530864198
0.19937694704 0.19937694704 0.00311526479751 0.19937694704 0.19937694704 0.19937694704
0.363120567376 0.090780141844 0.00141843971631 0.090780141844 0.363120567376 0.090780141844
0.363120567376 0.090780141844 0.00141843971631 0.090780141844 0.363120567376 0.090780141844
0.23507805326 0.23507805326 0.000918273645546 0.058769513315 0.23507805326 0.23507805326
0.363507277245 0.0908768193113 0.000354987575435 0.0908768193113 0.363507277245 0.0908768193113
0.421009353479 0.0263130845925 0.000102785486689 0.10525233837 0.421009353479 0.0263130845925
0.390206725731 0.0975516814328 9.52653138992e-05 0.0975516814328 0.390206725731 0.0243879203582
0.633638859883 0.0396024287427 3.8674246819e-05 0.158409714971 0.158409714971 0.00990060718568
0.566352103426 0.141588025856 3.45673891251e-05 0.141588025856 0.141588025856 0.00884925161603
0.397505883495 0.397505883495 2.42618337094e-05 0.0993764708737 0.0993764708737 0.0062110294296
0.570150941755 0.142537735439 8.69981295402e-06 0.142537735439 0.142537735439 0.00222715211623
0.841410610715 0.0525881631697 3.20972675596e-06 0.0525881631697 0.0525881631697 0.000821690049526
0.726754550117 0.0454221593823 2.77234859511e-06 0.0454221593823 0.181688637529 0.000709721240349
0.570154661934 0.142538665483 2.17496742986e-06 0.142538665483 0.142538665483 0.00222716664818
0.841412636243 0.0525882897652 8.02433620685e-07 0.0525882897652 0.0525882897652 0.000821692027581
0.726756061233 0.0454222538271 6.9308858989e-07 0.0454222538271 0.181689015308 0.000709722716048
0.841931999548 0.0526207499717 2.00732231032e-07 0.0526207499717 0.0526207499717 0.000205549804577
0.639899917997 0.159974979499 1.52564029216e-07 0.159974979499 0.0399937448748 0.000156225565917
0.876524670662 0.0547827919164 5.22449416317e-08 0.0547827919164 0.0136956979791 0.000213995280923
0.955168178558 0.01492450279 1.42331149959e-08 0.01492450279 0.01492450279 5.82988390233e-05
0.955168178558 0.01492450279 1.42331149959e-08 0.01492450279 0.01492450279 5.82988390233e-05
0.876665406708 0.0136978969798 1.30633325384e-08 0.0547915879193 0.0547915879193 5.35074100774e-05
0.955209944281 0.0149251553794 1.42337373537e-08 0.0149251553794 0.0149251553794 1.45753470502e-05
0.166666666667 0.166666666667 0.166666666667 0.166666666667 0.166666666667 0.166666666667
0.0666666666667 0.0666666666667 0.266666666667 0.266666666667 0.0666666666667 0.266666666667
0.047619047619 0.190476190476 0.190476190476 0.190476190476 0.190476190476 0.190476190476
0.111111111111 0.111111111111 0.111111111111 0.111111111111 0.444444444444 0.111111111111
0.0666666666667 0.266666666667 0.266666666667 0.0666666666667 0.266666666667 0.0666666666667
0.037037037037 0.592592592593 0.148148148148 0.037037037037 0.148148148148 0.037037037037
0.0952380952381 0.380952380952 0.0952380952381 0.0238095238095 0.380952380952 0.0238095238095
0.280701754386 0.280701754386 0.0701754385965 0.0701754385965 0.280701754386 0.0175438596491
0.609523809524 0.152380952381 0.0380952380952 0.0380952380952 0.152380952381 0.00952380952381
0.547008547009 0.136752136752 0.034188034188 0.136752136752 0.136752136752 0.00854700854701
0.242424242424 0.242424242424 0.0151515151515 0.242424242424 0.242424242424 0.0151515151515
0.136752136752 0.547008547009 0.034188034188 0.136752136752 0.136752136752 0.00854700854701
0.141280353201 0.565121412804 0.00883002207506 0.141280353201 0.141280353201 0.00220750551876
0.248062015504 0.248062015504 0.00387596899225 0.248062015504 0.248062015504 0.00387596899225
0.248062015504 0.248062015504 0.00387596899225 0.248062015504 0.248062015504 0.00387596899225
0.568888888889 0.142222222222 0.00222222222222 0.142222222222 0.142222222222 0.00222222222222
0.570791527313 0.142697881828 0.000557413600892 0.142697881828 0.142697881828 0.000557413600892
0.307507507508 0.0768768768769 0.0003003003003 0.307507507508 0.307507507508 0.0003003003003
0.39968774395 0.0999219359875 0.000390320062451 0.0999219359875 0.39968774395 0.000390320062451
0.432341144184 0.0270213215115 0.000105552037154 0.108085286046 0.432341144184 0.000105552037154
0.481174743025 0.00751835535977 2.93685756241e-05 0.0300734214391 0.481174743025 2.93685756241e-05
0.43237537276 0.0270234607975 2.63900984351e-05 0.10809384319 0.43237537276 0.00010556039374
0.399951177835 0.0999877944587 2.44110826315e-05 0.0999877944587 0.399951177835 9.76443305261e-05
0.727232375689 0.0454520234806 1.10966854201e-05 0.0454520234806 0.181808093922 4.43867416803e-05
0.727232375689 0.0454520234806 1.10966854201e-05 0.0454520234806 0.181808093922 4.43867416803e-05
0.842059277961 0.0526287048726 3.21220122513e-06 0.0526287048726 0.0526287048726 5.13952196021e-05
0.955209087721 0.0149251419956 9.10958373757e-07 0.0149251419956 0.0149251419956 1.45753339801e-05
0.977095367054 0.00381677877755 2.3295768906e-07 0.00381677877755 0.0152671151102 3.72732302496e-06
0.914282326224 0.0142856613473 2.17981893116e-07 0.0142856613473 0.057142645389 3.48771028986e-06
0.876700417395 0.0547937760872 2.09021667813e-07 0.0136984440218 0.0547937760872 1.337738674e-05
0.966034120252 0.0150942831289 5.75801205785e-08 0.00377357078223 0.0150942831289 3.68512771703e-06
0.166666666667 0.166666666667 0.166666666667 0.166666666667 0.166666666667 0.166666666667
0.0555555555556 0.222222222222 0.0555555555556 0.222222222222 0.222222222222 0.222222222222
0.0555555555556 0.222222222222 0.0555555555556 0.222222222222 0.222222222222 0.222222222222
0.121212121212 0.121212121212 0.030303030303 0.121212121212 0.484848484848 0.121212121212
0.121212121212 0.121212121212 0.030303030303 0.121212121212 0.484848484848 0.121212121212
0.152380952381 0.0380952380952 0.00952380952381 0.152380952381 0.609523809524 0.0380952380952
0.124031007752 0.124031007752 0.0077519379845 0.124031007752 0.496124031008 0.124031007752
0.124756335283 0.124756335283 0.00194931773879 0.124756335283 0.499025341131 0.124756335283
0.173794976239 0.0434487440597 0.000678886625933 0.0434487440597 0.695179904956 0.0434487440597
0.173794976239 0.0434487440597 0.000678886625933 0.0434487440597 0.695179904956 0.0434487440597
0.137856758212 0.137856758212 0.000538502961766 0.034464189553 0.551427032849 0.137856758212
0.173883511632 0.043470877908 0.000169808116828 0.043470877908 0.695534046527 0.043470877908
0.0519454167301 0.0519454167301 5.07279460255e-05 0.0519454167301 0.831126667681 0.0129863541825
0.158409714971 0.158409714971 3.8674246819e-05 0.0396024287427 0.633638859883 0.00990060718568
0.0993764708737 0.397505883495 2.42618337094e-05 0.0993764708737 0.397505883495 0.0062110294296
0.0453252774735 0.725204439576 1.10657415707e-05 0.0453252774735 0.181301109894 0.00283282984209
0.0998433853148 0.399373541259 6.09395662322e-06 0.0998433853148 0.399373541259 0.00156005289554
0.0270155738583 0.432249181733 1.64889977163e-06 0.108062295433 0.432249181733 0.000422118341537
0.0117625352054 0.752802253146 7.17928174158e-07 0.0470501408216 0.188200563286 0.000183789612584
0.0454464446076 0.727143113722 6.93457711909e-07 0.0454464446076 0.181785778431 0.000177525174249
0.0294083727885 0.470533964615 4.4873615705e-07 0.0294083727885 0.470533964615 0.000114876456205
0.0999901971891 0.399960788756 3.81432331806e-07 0.0999901971891 0.399960788756 9.76466769425e-05
0.159974979499 0.639899917997 1.52564029216e-07 0.0399937448748 0.159974979499 0.000156225565917
0.326504558083 0.326504558083 7.78447528083e-08 0.0204065348802 0.326504558083 7.97130268757e-05
0.159974997804 0.639899991216 3.81410116682e-08 0.039993749451 0.159974997804 0.000156225583793
0.159974997804 0.639899991216 3.81410116682e-08 0.039993749451 0.159974997804 0.000156225583793
0.399960931779 0.399960931779 2.38395292627e-08 0.0999902329449 0.0999902329449 9.76467118602e-05
0.399960931779 0.399960931779 2.38395292627e-08 0.0999902329449 0.0999902329449 9.76467118602e-05
0.399960938931 0.399960938931 5.95988242225e-09 0.0999902347327 0.0999902347327 9.76467136061e-05
0.181785903999 0.727143615996 2.70882105826e-09 0.0454464759997 0.0454464759997 0.000177525296874
0.181810111289 0.727240445155 6.77295443747e-10 0.0454525278222 0.0454525278222 4.43872342014e-05
0.47057471904 0.47057471904 4.38256858885e-10 0.02941091994 0.02941091994 2.87216015039e-05
0.166666666667 0.166666666667 0.166666666667 0.166666666667 0.166666666667 0.166666666667
0.222222222222 0.222222222222 0.0555555555556 0.222222222222 0.0555555555556 0.222222222222
0.222222222222 0.222222222222 0.0555555555556 0.222222222222 0.0555555555556 0.222222222222
0.484848484848 0.121212121212 0.030303030303 0.121212121212 0.121212121212 0.121212121212
0.688172043011 0.0430107526882 0.010752688172 0.0430107526882 0.172043010753 0.0430107526882
0.688172043011 0.0430107526882 0.010752688172 0.0430107526882 0.172043010753 0.0430107526882
0.361581920904 0.090395480226 0.00564971751412 0.090395480226 0.361581920904 0.090395480226
0.45632798574 0.0285204991087 0.0017825311943 0.0285204991087 0.45632798574 0.0285204991087
0.185911401598 0.0116194625999 0.000726216412491 0.0464778503994 0.743645606391 0.0116194625999
0.173441734417 0.0433604336043 0.00271002710027 0.0433604336043 0.693766937669 0.0433604336043
0.192626034612 0.0120391271633 0.000752445447705 0.0120391271633 0.77050413845 0.0120391271633
0.196168582375 0.00306513409962 0.000766283524904 0.0122605363985 0.784674329502 0.00306513409962
0.196168582375 0.00306513409962 0.000766283524904 0.0122605363985 0.784674329502 0.00306513409962
0.480075011721 0.00750117205813 0.000468823253633 0.0300046882325 0.480075011721 0.00187529301453
0.494148871999 0.00193026903125 0.000120641814453 0.00772107612498 0.494148871999 0.00193026903125
0.78886802446 0.000770378930136 4.81486831335e-05 0.0123260628822 0.197217006115 0.000770378930136
0.78886802446 0.000770378930136 4.81486831335e-05 0.0123260628822 0.197217006115 0.000770378930136
0.757361438543 0.00295844311931 4.62256737392e-05 0.0473350899089 0.189340359636 0.00295844311931
0.9258458713 0.000904146358692 1.41272868546e-05 0.0144663417391 0.0578653669563 0.000904146358692
0.166666666667 0.166666666667 0.166666666667 0.166666666667 0.166666666667 0.166666666667
0.166666666667 0.166666666667 0.166666666667 0.166666666667 0.166666666667 0.166666666667
0.222222222222 0.0555555555556 0.222222222222 0.222222222222 0.222222222222 0.0555555555556
0.380952380952 0.0238095238095 0.0952380952381 0.0952380952381 0.380952380952 0.0238095238095
0.380952380952 0.0238095238095 0.0952380952381 0.0952380952381 0.380952380952 0.0238095238095
0.355555555556 0.0888888888889 0.0888888888889 0.0888888888889 0.355555555556 0.0222222222222
0.231884057971 0.231884057971 0.0579710144928 0.231884057971 0.231884057971 0.0144927536232
0.0969696969697 0.0969696969697 0.0242424242424 0.387878787879 0.387878787879 0.00606060606061
0.300469483568 0.075117370892 0.018779342723 0.300469483568 0.300469483568 0.00469483568075
0.632098765432 0.0395061728395 0.00987654320988 0.158024691358 0.158024691358 0.00246913580247
0.657675016057 0.0102761721259 0.00256904303147 0.164418754014 0.164418754014 0.000642260757868
0.636815920398 0.0398009950249 0.00248756218905 0.1592039801 0.1592039801 0.00248756218905
0.636815920398 0.0398009950249 0.00248756218905 0.1592039801 0.1592039801 0.00248756218905
0.305854241338 0.0764635603345 0.00119474313023 0.305854241338 0.305854241338 0.00477897252091
0.159501557632 0.0398753894081 0.000623052959502 0.159501557632 0.63800623053 0.00249221183801
0.15987509758 0.039968774395 0.00015612802498 0.15987509758 0.63950039032 0.000624512099922
0.15987509758 0.039968774395 0.00015612802498 0.15987509758 0.63950039032 0.000624512099922
0.142519137091 0.142519137091 0.000139178844816 0.142519137091 0.570076548365 0.00222686151705
0.18168108228 0.04542027057 4.43557329785e-05 0.04542027057 0.72672432912 0.000709691727656
0.15989382051 0.0399734551275 3.90365772729e-05 0.15989382051 0.639575282039 0.000624585236366
0.166666666667 0.166666666667 0.166666666667 0.166666666667 0.166666666667 0.166666666667
0.0555555555556 0.222222222222 0.222222222222 0.222222222222 0.0555555555556 0.222222222222
0.166666666667 0.166666666667 0.166666666667 0.166666666667 0.166666666667 0.166666666667
0.111111111111 0.111111111111 0.444444444444 0.111111111111 0.111111111111 0.111111111111
0.266666666667 0.0666666666667 0.266666666667 0.0666666666667 0.266666666667 0.0666666666667
0.592592592593 0.037037037037 0.148148148148 0.037037037037 0.148148148148 0.037037037037
0.533333333333 0.0333333333333 0.133333333333 0.133333333333 0.133333333333 0.0333333333333
0.266666666667 0.0666666666667 0.0666666666667 0.266666666667 0.266666666667 0.0666666666667
0.266666666667 0.0666666666667 0.0666666666667 0.266666666667 0.266666666667 0.0666666666667
0.222222222222 0.0555555555556 0.0555555555556 0.222222222222 0.222222222222 0.222222222222
0.0888888888889 0.0888888888889 0.0222222222222 0.355555555556 0.0888888888889 0.355555555556
0.231884057971 0.0579710144928 0.0144927536232 0.231884057971 0.231884057971 0.231884057971
0.547008547009 0.034188034188 0.00854700854701 0.136752136752 0.136752136752 0.136752136752
0.828478964401 0.0129449838188 0.00323624595469 0.0517799352751 0.0517799352751 0.0517799352751
0.632098765432 0.00987654320988 0.00246913580247 0.158024691358 0.158024691358 0.0395061728395
0.550537634409 0.0344086021505 0.00215053763441 0.137634408602 0.137634408602 0.137634408602
0.550537634409 0.0344086021505 0.00215053763441 0.137634408602 0.137634408602 0.137634408602
0.830494728305 0.0129764801298 0.00081103000811 0.0519059205191 0.0519059205191 0.0519059205191
0.615015015015 0.0384384384384 0.000600600600601 0.153753753754 0.0384384384384 0.153753753754
0.71897489907 0.011233982798 0.000175530981218 0.179743724767 0.0449359311919 0.0449359311919
0.166666666667 0.166666666667 0.166666666667 0.166666666667 0.166666666667 0.166666666667
0.0555555555556 0.222222222222 0.222222222222 0.222222222222 0.0555555555556 0.222222222222
0.166666666667 0.166666666667 0.166666666667 0.166666666667 0.166666666667 0.166666666667
0.111111111111 0.111111111111 0.444444444444 0.111111111111 0.111111111111 0.111111111111
0.266666666667 0.0666666666667 0.266666666667 0.0666666666667 0.266666666667 0.0666666666667
0.592592592593 0.037037037037 0.148148148148 0.037037037037 0.148148148148 0.037037037037
0.533333333333 0.0333333333333 0.133333333333 0.133333333333 0.133333333333 0.0333333333333
0.333333333333 0.0833333333333 0.0833333333333 0.0833333333333 0.333333333333 0.0833333333333
0.266666666667 0.0666666666667 0.0666666666667 0.266666666667 0.266666666667 0.0666666666667
0.222222222222 0.0555555555556 0.0555555555556 0.222222222222 0.222222222222 0.222222222222
0.0888888888889 0.0888888888889 0.0222222222222 0.355555555556 0.0888888888889 0.355555555556
0.231884057971 0.0579710144928 0.0144927536232 0.231884057971 0.231884057971 0.231884057971
0.547008547009 0.034188034188 0.00854700854701 0.136752136752 0.136752136752 0.136752136752
0.828478964401 0.0129449838188 0.00323624595469 0.0517799352751 0.0517799352751 0.0517799352751
0.632098765432 0.00987654320988 0.00246913580247 0.158024691358 0.158024691358 0.0395061728395
0.550537634409 0.0344086021505 0.00215053763441 0.137634408602 0.137634408602 0.137634408602
0.550537634409 0.0344086021505 0.00215053763441 0.137634408602 0.137634408602 0.137634408602
0.830494728305 0.0129764801298 0.00081103000811 0.0519059205191 0.0519059205191 0.0519059205191
0.615015015015 0.0384384384384 0.000600600600601 0.153753753754 0.0384384384384 0.153753753754
0.71897489907 0.011233982798 0.000175530981218 0.179743724767 0.0449359311919 0.0449359311919
0.166666666667 0.166666666667 0.166666666667 0.166666666667 0.166666666667 0.166666666667
0.0555555555556 0.222222222222 0.0555555555556 0.222222222222 0.222222222222 0.222222222222
0.0555555555556 0.222222222222 0.0555555555556 0.222222222222 0.222222222222 0.222222222222
0.121212121212 0.121212121212 0.030303030303 0.121212121212 0.484848484848 0.121212121212
0.121212121212 0.121212121212 0.030303030303 0.121212121212 0.484848484848 0.121212121212
0.152380952381 0.0380952380952 0.00952380952381 0.152380952381 0.609523809524 0.0380952380952
0.124031007752 0.124031007752 0.0077519379845 0.124031007752 0.496124031008 0.124031007752
0.124756335283 0.124756335283 0.00194931773879 0.124756335283 0.499025341131 0.124756335283
0.173794976239 0.0434487440597 0.000678886625933 0.0434487440597 0.695179904956 0.0434487440597
0.173794976239 0.0434487440597 0.000678886625933 0.0434487440597 0.695179904956 0.0434487440597
0.137856758212 0.137856758212 0.000538502961766 0.034464189553 0.551427032849 0.137856758212
0.173883511632 0.043470877908 0.000169808116828 0.043470877908 0.695534046527 0.043470877908
0.0519454167301 0.0519454167301 5.07279460255e-05 0.0519454167301 0.831126667681 0.0129863541825
0.158409714971 0.158409714971 3.8674246819e-05 0.0396024287427 0.633638859883 0.00990060718568
0.0993764708737 0.397505883495 2.42618337094e-05 0.0993764708737 0.397505883495 0.0062110294296
0.0453252774735 0.725204439576 1.10657415707e-05 0.0453252774735 0.181301109894 0.00283282984209
0.0998433853148 0.399373541259 6.09395662322e-06 0.0998433853148 0.399373541259 0.00156005289554
0.0270155738583 0.432249181733 1.64889977163e-06 0.108062295433 0.432249181733 0.000422118341537
0.0999608002843 0.399843201137 1.52528076606e-06 0.0999608002843 0.399843201137 0.000390471876111
0.0293982412911 0.470371860658 4.4858156267e-07 0.0293982412911 0.470371860658 0.000459347520174
0.0121927963599 0.195084741758 1.86047307737e-07 0.0121927963599 0.780338967032 0.000190512443123
0.045446468244 0.181785872976 1.73364518143e-07 0.045446468244 0.727143491905 0.000177525266578
0.108062462481 0.432249849924 1.03056395036e-07 0.0270156156203 0.432249849924 0.000422118994067
0.0999609432235 0.399843772894 9.5330184196e-08 0.0999609432235 0.399843772894 0.000390472434467
0.0293982536544 0.470372058471 2.80363594574e-08 0.0293982536544 0.470372058471 0.00045934771335
0.0470501740725 0.18820069629 1.12176356488e-08 0.0117625435181 0.752802785159 0.000183789742471
0.15997500238 0.15997500238 9.53525318982e-09 0.0399937505951 0.639900009521 0.000156225588262
0.15997500238 0.15997500238 9.53525318982e-09 0.0399937505951 0.639900009521 0.000156225588262
0.159975003524 0.159975003524 2.3838133145e-09 0.0399937508811 0.639900014097 0.000156225589379
0.108096695176 0.432386780704 6.44306511736e-09 0.027024173794 0.432386780704 0.000105563178883
0.159975003524 0.159975003524 2.3838133145e-09 0.0399937508811 0.639900014097 0.000156225589379
0.166666666667 0.166666666667 0.166666666667 0.166666666667 0.166666666667 0.166666666667
