Price Resolution OpticalZoom DigitalZoom Weight StorageIncluded
0.166666666667 0.166666666667 0.166666666667 0.166666666667 0.166666666667 0.166666666667
0.0555555555556 0.222222222222 0.0555555555556 0.222222222222 0.222222222222 0.222222222222
0.0555555555556 0.222222222222 0.0555555555556 0.222222222222 0.222222222222 0.222222222222
0.121212121212 0.121212121212 0.030303030303 0.121212121212 0.484848484848 0.121212121212
0.121212121212 0.121212121212 0.030303030303 0.121212121212 0.484848484848 0.121212121212
0.124031007752 0.124031007752 0.0077519379845 0.124031007752 0.496124031008 0.124031007752
0.0433604336043 0.173441734417 0.00271002710027 0.0433604336043 0.693766937669 0.0433604336043
0.166666666667 0.166666666667 0.166666666667 0.166666666667 0.166666666667 0.166666666667
0.0666666666667 0.266666666667 0.266666666667 0.266666666667 0.0666666666667 0.0666666666667
0.121212121212 0.484848484848 0.121212121212 0.121212121212 0.121212121212 0.030303030303
0.172043010753 0.688172043011 0.0430107526882 0.0430107526882 0.0430107526882 0.010752688172
0.418300653595 0.418300653595 0.0261437908497 0.0261437908497 0.104575163399 0.00653594771242
0.717086834734 0.179271708683 0.0112044817927 0.0448179271709 0.0448179271709 0.00280112044818
0.428810720268 0.428810720268 0.00670016750419 0.0268006700168 0.107202680067 0.00167504187605
0.166666666667 0.166666666667 0.166666666667 0.166666666667 0.166666666667 0.166666666667
0.166666666667 0.166666666667 0.166666666667 0.166666666667 0.166666666667 0.166666666667
0.0555555555556 0.222222222222 0.0555555555556 0.222222222222 0.222222222222 0.222222222222
0.0555555555556 0.222222222222 0.0555555555556 0.222222222222 0.222222222222 0.222222222222
0.121212121212 0.121212121212 0.030303030303 0.121212121212 0.484848484848 0.121212121212
0.121212121212 0.121212121212 0.030303030303 0.121212121212 0.484848484848 0.121212121212
0.124031007752 0.124031007752 0.0077519379845 0.124031007752 0.496124031008 0.124031007752
0.0433604336043 0.173441734417 0.00271002710027 0.0433604336043 0.693766937669 0.0433604336043
0.166666666667 0.166666666667 0.166666666667 0.166666666667 0.166666666667 0.166666666667
0.222222222222 0.0555555555556 0.222222222222 0.222222222222 0.222222222222 0.0555555555556
0.380952380952 0.0238095238095 0.0952380952381 0.0952380952381 0.380952380952 0.0238095238095
0.166666666667 0.166666666667 0.166666666667 0.166666666667 0.166666666667 0.166666666667
0.0666666666667 0.266666666667 0.266666666667 0.266666666667 0.0666666666667 0.0666666666667
0.121212121212 0.484848484848 0.121212121212 0.121212121212 0.121212121212 0.030303030303
0.172043010753 0.688172043011 0.0430107526882 0.0430107526882 0.0430107526882 0.010752688172
0.418300653595 0.418300653595 0.0261437908497 0.0261437908497 0.104575163399 0.00653594771242
0.717086834734 0.179271708683 0.0112044817927 0.0448179271709 0.0448179271709 0.00280112044818
0.428810720268 0.428810720268 0.00670016750419 0.0268006700168 0.107202680067 0.00167504187605
0.166666666667 0.166666666667 0.166666666667 0.166666666667 0.166666666667 0.166666666667
0.0555555555556 0.222222222222 0.0555555555556 0.222222222222 0.222222222222 0.222222222222
0.0555555555556 0.222222222222 0.0555555555556 0.222222222222 0.222222222222 0.222222222222
0.121212121212 0.121212121212 0.030303030303 0.121212121212 0.484848484848 0.121212121212
0.121212121212 0.121212121212 0.030303030303 0.121212121212 0.484848484848 0.121212121212
0.124031007752 0.124031007752 0.0077519379845 0.124031007752 0.496124031008 0.124031007752
0.0433604336043 0.173441734417 0.00271002710027 0.0433604336043 0.693766937669 0.0433604336043
0.166666666667 0.166666666667 0.166666666667 0.166666666667 0.166666666667 0.166666666667
0.222222222222 0.0555555555556 0.222222222222 0.222222222222 0.222222222222 0.0555555555556
0.380952380952 0.0238095238095 0.0952380952381 0.0952380952381 0.380952380952 0.0238095238095
0.166666666667 0.166666666667 0.166666666667 0.166666666667 0.166666666667 0.166666666667
0.190476190476 0.190476190476 0.047619047619 0.190476190476 0.190476190476 0.190476190476
0.190476190476 0.190476190476 0.047619047619 0.190476190476 0.190476190476 0.190476190476
0.355555555556 0.0888888888889 0.0222222222222 0.0888888888889 0.355555555556 0.0888888888889
0.280701754386 0.280701754386 0.0175438596491 0.0701754385965 0.280701754386 0.0701754385965
0.152380952381 0.152380952381 0.00952380952381 0.0380952380952 0.609523809524 0.0380952380952
0.158024691358 0.158024691358 0.00246913580247 0.0395061728395 0.632098765432 0.00987654320988
0.163161249203 0.163161249203 0.0006373486297 0.0101975780752 0.652644996813 0.0101975780752
0.109542148053 0.438168592212 0.000427899015832 0.00684638425332 0.438168592212 0.00684638425332
0.165776266796 0.165776266796 0.000161890885543 0.00259025416869 0.663105067185 0.00259025416869
0.189761408385 0.0474403520964 4.63284688441e-05 0.00296502200602 0.759045633542 0.000741255501506
0.166666666667 0.166666666667 0.166666666667 0.166666666667 0.166666666667 0.166666666667
0.0555555555556 0.222222222222 0.0555555555556 0.222222222222 0.222222222222 0.222222222222
0.0555555555556 0.222222222222 0.0555555555556 0.222222222222 0.222222222222 0.222222222222
0.121212121212 0.121212121212 0.030303030303 0.121212121212 0.484848484848 0.121212121212
0.121212121212 0.121212121212 0.030303030303 0.121212121212 0.484848484848 0.121212121212
0.124031007752 0.124031007752 0.0077519379845 0.124031007752 0.496124031008 0.124031007752
0.0433604336043 0.173441734417 0.00271002710027 0.0433604336043 0.693766937669 0.0433604336043
