Price Resolution OpticalZoom DigitalZoom Weight StorageIncluded
0.166666666667 0.166666666667 0.166666666667 0.166666666667 0.166666666667 0.166666666667
0.0555555555556 0.222222222222 0.0555555555556 0.222222222222 0.222222222222 0.222222222222
0.0555555555556 0.222222222222 0.0555555555556 0.222222222222 0.222222222222 0.222222222222
0.121212121212 0.121212121212 0.030303030303 0.121212121212 0.484848484848 0.121212121212
0.0430107526882 0.0430107526882 0.010752688172 0.172043010753 0.688172043011 0.0430107526882
0.136752136752 0.136752136752 0.00854700854701 0.136752136752 0.547008547009 0.034188034188
0.166666666667 0.166666666667 0.166666666667 0.166666666667 0.166666666667 0.166666666667
0.222222222222 0.0555555555556 0.222222222222 0.222222222222 0.222222222222 0.0555555555556
0.133333333333 0.0333333333333 0.133333333333 0.133333333333 0.533333333333 0.0333333333333
0.166666666667 0.166666666667 0.166666666667 0.166666666667 0.166666666667 0.166666666667
0.0555555555556 0.222222222222 0.0555555555556 0.222222222222 0.222222222222 0.222222222222
0.0555555555556 0.222222222222 0.0555555555556 0.222222222222 0.222222222222 0.222222222222
0.121212121212 0.121212121212 0.030303030303 0.121212121212 0.484848484848 0.121212121212
0.0430107526882 0.0430107526882 0.010752688172 0.172043010753 0.688172043011 0.0430107526882
0.136752136752 0.136752136752 0.00854700854701 0.136752136752 0.547008547009 0.034188034188
0.166666666667 0.166666666667 0.166666666667 0.166666666667 0.166666666667 0.166666666667
0.166666666667 0.166666666667 0.166666666667 0.166666666667 0.166666666667 0.166666666667
0.0833333333333 0.0833333333333 0.333333333333 0.333333333333 0.0833333333333 0.0833333333333
0.190476190476 0.190476190476 0.190476190476 0.190476190476 0.190476190476 0.047619047619
0.0888888888889 0.355555555556 0.0888888888889 0.0888888888889 0.355555555556 0.0222222222222
0.136752136752 0.136752136752 0.136752136752 0.034188034188 0.547008547009 0.00854700854701
0.361581920904 0.090395480226 0.090395480226 0.090395480226 0.361581920904 0.00564971751412
0.137634408602 0.137634408602 0.0344086021505 0.137634408602 0.550537634409 0.00215053763441
0.166666666667 0.166666666667 0.166666666667 0.166666666667 0.166666666667 0.166666666667
0.0555555555556 0.222222222222 0.222222222222 0.222222222222 0.222222222222 0.0555555555556
0.166666666667 0.166666666667 0.166666666667 0.166666666667 0.166666666667 0.166666666667
0.166666666667 0.166666666667 0.166666666667 0.166666666667 0.166666666667 0.166666666667
0.047619047619 0.190476190476 0.190476190476 0.190476190476 0.190476190476 0.190476190476
0.166666666667 0.166666666667 0.166666666667 0.166666666667 0.166666666667 0.166666666667
0.0666666666667 0.266666666667 0.266666666667 0.266666666667 0.0666666666667 0.0666666666667
0.121212121212 0.484848484848 0.121212121212 0.121212121212 0.121212121212 0.030303030303
0.0430107526882 0.688172043011 0.0430107526882 0.0430107526882 0.172043010753 0.010752688172
0.166666666667 0.166666666667 0.166666666667 0.166666666667 0.166666666667 0.166666666667
0.0555555555556 0.222222222222 0.0555555555556 0.222222222222 0.222222222222 0.222222222222
0.0555555555556 0.222222222222 0.0555555555556 0.222222222222 0.222222222222 0.222222222222
0.121212121212 0.121212121212 0.030303030303 0.121212121212 0.484848484848 0.121212121212
0.0430107526882 0.0430107526882 0.010752688172 0.172043010753 0.688172043011 0.0430107526882
0.0430107526882 0.0430107526882 0.010752688172 0.172043010753 0.688172043011 0.0430107526882
0.0517799352751 0.0517799352751 0.00323624595469 0.0517799352751 0.828478964401 0.0129449838188
