Price Resolution OpticalZoom DigitalZoom Weight StorageIncluded
0.166666666667 0.166666666667 0.166666666667 0.166666666667 0.166666666667 0.166666666667
0.190476190476 0.190476190476 0.047619047619 0.190476190476 0.190476190476 0.190476190476
0.190476190476 0.190476190476 0.047619047619 0.190476190476 0.190476190476 0.190476190476
0.355555555556 0.0888888888889 0.0222222222222 0.0888888888889 0.355555555556 0.0888888888889
0.266666666667 0.266666666667 0.0666666666667 0.0666666666667 0.266666666667 0.0666666666667
0.592592592593 0.148148148148 0.037037037037 0.037037037037 0.148148148148 0.037037037037
0.380952380952 0.0952380952381 0.0238095238095 0.0952380952381 0.380952380952 0.0238095238095
0.463768115942 0.0289855072464 0.00724637681159 0.0289855072464 0.463768115942 0.00724637681159
0.426666666667 0.106666666667 0.00666666666667 0.0266666666667 0.426666666667 0.00666666666667
0.164102564103 0.164102564103 0.0025641025641 0.0102564102564 0.65641025641 0.0025641025641
0.439862542955 0.109965635739 0.00171821305842 0.00687285223368 0.439862542955 0.00171821305842
0.758518518519 0.0474074074074 0.000740740740741 0.00296296296296 0.18962962963 0.000740740740741
0.925649717514 0.0144632768362 0.00090395480226 0.00090395480226 0.0578531073446 0.000225988700565
0.758940151936 0.047433759496 0.000741152492125 0.0029646099685 0.189735037984 0.000185288123031
0.787503004086 0.0123047344388 0.000192261475607 0.00307618360971 0.196875751021 4.80653689017e-05
0.492233738921 0.00769115217065 0.000120174252666 0.00769115217065 0.492233738921 3.00435631666e-05
0.195110333083 0.0121943958177 4.76343586629e-05 0.0121943958177 0.780441332333 1.19085896657e-05
0.18821799467 0.0470544986674 4.59516588549e-05 0.0117636246669 0.752871978678 4.59516588549e-05
0.0577601037877 0.0144400259469 1.41015878388e-05 0.00361000648673 0.924161660603 1.41015878388e-05
0.18822448159 0.0470561203975 1.14883106439e-05 0.0117640300994 0.75289792636 4.59532425757e-05
0.196918343309 0.0123073964568 1.20189418524e-05 0.0030768491142 0.787673373236 1.20189418524e-05
0.199220578669 0.0031128215417 3.03986478681e-06 0.000778205385424 0.796882314675 3.03986478681e-06
0.199221487078 0.0031128357356 7.59969662011e-07 0.000778208933899 0.796885948313 7.59969662011e-07
0.199221487078 0.0031128357356 7.59969662011e-07 0.000778208933899 0.796885948313 7.59969662011e-07
0.197377822854 0.0123361139283 7.52936641135e-07 0.000771007120522 0.789511291414 3.01174656454e-06
0.199337945624 0.00311465540037 1.90103479027e-07 0.000194665962523 0.797351782496 7.60413916107e-07
0.496063652394 0.00775099456865 1.18270791148e-07 0.000121109290135 0.496063652394 4.7308316459e-07
0.499010023497 0.00194925790429 1.1897326076e-07 3.04571547545e-05 0.499010023497 1.1897326076e-07
0.499010023497 0.00194925790429 1.1897326076e-07 3.04571547545e-05 0.499010023497 1.1897326076e-07
0.499021422577 0.00194930243194 1.18975978512e-07 7.61446262477e-06 0.499021422577 1.18975978512e-07
0.166666666667 0.166666666667 0.166666666667 0.166666666667 0.166666666667 0.166666666667
0.166666666667 0.166666666667 0.166666666667 0.166666666667 0.166666666667 0.166666666667
0.222222222222 0.222222222222 0.0555555555556 0.222222222222 0.222222222222 0.0555555555556
0.533333333333 0.133333333333 0.0333333333333 0.133333333333 0.133333333333 0.0333333333333
0.355555555556 0.355555555556 0.0888888888889 0.0888888888889 0.0888888888889 0.0222222222222
0.609523809524 0.152380952381 0.0380952380952 0.0380952380952 0.152380952381 0.00952380952381
0.861952861953 0.0538720538721 0.013468013468 0.013468013468 0.0538720538721 0.003367003367
0.87074829932 0.0544217687075 0.00340136054422 0.0136054421769 0.0544217687075 0.00340136054422
0.961502347418 0.0150234741784 0.0037558685446 0.0037558685446 0.0150234741784 0.00093896713615
0.166666666667 0.166666666667 0.166666666667 0.166666666667 0.166666666667 0.166666666667
0.0555555555556 0.222222222222 0.222222222222 0.222222222222 0.0555555555556 0.222222222222
0.190476190476 0.190476190476 0.190476190476 0.190476190476 0.047619047619 0.190476190476
0.444444444444 0.111111111111 0.111111111111 0.111111111111 0.111111111111 0.111111111111
0.166666666667 0.166666666667 0.166666666667 0.166666666667 0.166666666667 0.166666666667
0.190476190476 0.190476190476 0.047619047619 0.190476190476 0.190476190476 0.190476190476
0.190476190476 0.190476190476 0.047619047619 0.190476190476 0.190476190476 0.190476190476
0.355555555556 0.0888888888889 0.0222222222222 0.0888888888889 0.355555555556 0.0888888888889
0.266666666667 0.266666666667 0.0666666666667 0.0666666666667 0.266666666667 0.0666666666667
0.592592592593 0.148148148148 0.037037037037 0.037037037037 0.148148148148 0.037037037037
0.380952380952 0.0952380952381 0.0238095238095 0.0952380952381 0.380952380952 0.0238095238095
0.463768115942 0.0289855072464 0.00724637681159 0.0289855072464 0.463768115942 0.00724637681159
0.426666666667 0.106666666667 0.00666666666667 0.0266666666667 0.426666666667 0.00666666666667
0.164102564103 0.164102564103 0.0025641025641 0.0102564102564 0.65641025641 0.0025641025641
0.439862542955 0.109965635739 0.00171821305842 0.00687285223368 0.439862542955 0.00171821305842
0.758518518519 0.0474074074074 0.000740740740741 0.00296296296296 0.18962962963 0.000740740740741
0.925649717514 0.0144632768362 0.00090395480226 0.00090395480226 0.0578531073446 0.000225988700565
0.758940151936 0.047433759496 0.000741152492125 0.0029646099685 0.189735037984 0.000185288123031
0.787503004086 0.0123047344388 0.000192261475607 0.00307618360971 0.196875751021 4.80653689017e-05
0.492233738921 0.00769115217065 0.000120174252666 0.00769115217065 0.492233738921 3.00435631666e-05
0.195110333083 0.0121943958177 4.76343586629e-05 0.0121943958177 0.780441332333 1.19085896657e-05
0.195110333083 0.0121943958177 4.76343586629e-05 0.0121943958177 0.780441332333 1.19085896657e-05
0.470571340356 0.0294107087722 2.87213952854e-05 0.0294107087722 0.470571340356 7.18034882135e-06
0.780476186223 0.0121949404097 1.19091214939e-05 0.0121949404097 0.195119046556 2.97728037347e-06
0.727262638957 0.0454539149348 1.10971472009e-05 0.0454539149348 0.181815659739 2.77428680022e-06
0.752938473193 0.0117646636436 2.87223233487e-06 0.0470586545746 0.188234618298 7.18058083718e-07
0.752938473193 0.0117646636436 2.87223233487e-06 0.0470586545746 0.188234618298 7.18058083718e-07
0.727268691913 0.0454542932446 2.77430989041e-06 0.0454542932446 0.181817172978 2.77430989041e-06
0.780486642997 0.0121951037968 7.44330065724e-07 0.0121951037968 0.195121660749 7.44330065724e-07
0.934306153098 0.00364963341054 2.22755945468e-07 0.00364963341054 0.0583941345686 2.22755945468e-07
0.979904191754 0.00095693768726 5.84068412634e-08 0.00382775074904 0.0153110029962 5.84068412634e-08
0.936870892622 0.000914912981076 5.58418567551e-08 0.0036596519243 0.0585544307889 5.58418567551e-08
0.980608063274 0.000239406265448 1.46121988188e-08 0.00383050024717 0.0153220009887 1.46121988188e-08
0.96877949488 0.000946073725469 1.44359394145e-08 0.0151371796075 0.0151371796075 5.7743757658e-08
