Price Resolution OpticalZoom DigitalZoom Weight StorageIncluded
0.166666666667 0.166666666667 0.166666666667 0.166666666667 0.166666666667 0.166666666667
0.0666666666667 0.266666666667 0.266666666667 0.0666666666667 0.0666666666667 0.266666666667
0.121212121212 0.121212121212 0.484848484848 0.030303030303 0.121212121212 0.121212121212
0.280701754386 0.280701754386 0.280701754386 0.0175438596491 0.0701754385965 0.0701754385965
0.152380952381 0.609523809524 0.152380952381 0.00952380952381 0.0380952380952 0.0380952380952
0.387878787879 0.387878787879 0.0969696969697 0.00606060606061 0.0969696969697 0.0242424242424
0.627450980392 0.156862745098 0.0392156862745 0.00980392156863 0.156862745098 0.00980392156863
0.426666666667 0.426666666667 0.0266666666667 0.00666666666667 0.106666666667 0.00666666666667
0.177777777778 0.711111111111 0.0444444444444 0.0111111111111 0.0444444444444 0.0111111111111
0.166666666667 0.166666666667 0.166666666667 0.166666666667 0.166666666667 0.166666666667
0.0666666666667 0.266666666667 0.266666666667 0.0666666666667 0.0666666666667 0.266666666667
0.121212121212 0.121212121212 0.484848484848 0.030303030303 0.121212121212 0.121212121212
0.0701754385965 0.280701754386 0.280701754386 0.0175438596491 0.280701754386 0.0701754385965
0.0380952380952 0.609523809524 0.152380952381 0.00952380952381 0.152380952381 0.0380952380952
0.0952380952381 0.380952380952 0.0952380952381 0.0238095238095 0.380952380952 0.0238095238095
0.0283687943262 0.45390070922 0.0283687943262 0.0283687943262 0.45390070922 0.00709219858156
0.012012012012 0.768768768769 0.012012012012 0.012012012012 0.192192192192 0.003003003003
0.0114942528736 0.735632183908 0.0114942528736 0.0459770114943 0.183908045977 0.0114942528736
0.00354609929078 0.90780141844 0.0141843971631 0.0141843971631 0.0567375886525 0.00354609929078
0.013468013468 0.861952861953 0.013468013468 0.0538720538721 0.0538720538721 0.003367003367
0.166666666667 0.166666666667 0.166666666667 0.166666666667 0.166666666667 0.166666666667
0.0666666666667 0.0666666666667 0.266666666667 0.266666666667 0.0666666666667 0.266666666667
0.0555555555556 0.222222222222 0.222222222222 0.222222222222 0.0555555555556 0.222222222222
0.111111111111 0.444444444444 0.111111111111 0.111111111111 0.111111111111 0.111111111111
0.266666666667 0.266666666667 0.0666666666667 0.0666666666667 0.266666666667 0.0666666666667
0.266666666667 0.266666666667 0.0666666666667 0.0666666666667 0.266666666667 0.0666666666667
0.166666666667 0.166666666667 0.166666666667 0.166666666667 0.166666666667 0.166666666667
0.0666666666667 0.266666666667 0.266666666667 0.0666666666667 0.0666666666667 0.266666666667
0.121212121212 0.121212121212 0.484848484848 0.030303030303 0.121212121212 0.121212121212
0.0701754385965 0.280701754386 0.280701754386 0.0175438596491 0.280701754386 0.0701754385965
0.0380952380952 0.609523809524 0.152380952381 0.00952380952381 0.152380952381 0.0380952380952
0.0952380952381 0.380952380952 0.0952380952381 0.0238095238095 0.380952380952 0.0238095238095
0.0283687943262 0.45390070922 0.0283687943262 0.0283687943262 0.45390070922 0.00709219858156
0.012012012012 0.768768768769 0.012012012012 0.012012012012 0.192192192192 0.003003003003
0.0114942528736 0.735632183908 0.0114942528736 0.0459770114943 0.183908045977 0.0114942528736
0.00354609929078 0.90780141844 0.0141843971631 0.0141843971631 0.0567375886525 0.00354609929078
0.013468013468 0.861952861953 0.013468013468 0.0538720538721 0.0538720538721 0.003367003367
0.166666666667 0.166666666667 0.166666666667 0.166666666667 0.166666666667 0.166666666667
0.0666666666667 0.266666666667 0.266666666667 0.0666666666667 0.0666666666667 0.266666666667
0.121212121212 0.121212121212 0.484848484848 0.030303030303 0.121212121212 0.121212121212
0.280701754386 0.280701754386 0.280701754386 0.0175438596491 0.0701754385965 0.0701754385965
0.152380952381 0.609523809524 0.152380952381 0.00952380952381 0.0380952380952 0.0380952380952
0.387878787879 0.387878787879 0.0969696969697 0.00606060606061 0.0969696969697 0.0242424242424
0.627450980392 0.156862745098 0.0392156862745 0.00980392156863 0.156862745098 0.00980392156863
0.426666666667 0.426666666667 0.0266666666667 0.00666666666667 0.106666666667 0.00666666666667
0.177777777778 0.711111111111 0.0444444444444 0.0111111111111 0.0444444444444 0.0111111111111
