Price Resolution OpticalZoom DigitalZoom Weight StorageIncluded
0.166666666667 0.166666666667 0.166666666667 0.166666666667 0.166666666667 0.166666666667
0.0666666666667 0.266666666667 0.266666666667 0.0666666666667 0.0666666666667 0.266666666667
0.121212121212 0.121212121212 0.484848484848 0.030303030303 0.121212121212 0.121212121212
0.0701754385965 0.280701754386 0.280701754386 0.0175438596491 0.280701754386 0.0701754385965
0.0380952380952 0.609523809524 0.152380952381 0.00952380952381 0.152380952381 0.0380952380952
0.0969696969697 0.387878787879 0.0969696969697 0.00606060606061 0.387878787879 0.0242424242424
0.166666666667 0.166666666667 0.166666666667 0.166666666667 0.166666666667 0.166666666667
0.190476190476 0.190476190476 0.190476190476 0.190476190476 0.190476190476 0.047619047619
0.280701754386 0.280701754386 0.0701754385965 0.0701754385965 0.280701754386 0.0175438596491
0.104575163399 0.418300653595 0.0261437908497 0.0261437908497 0.418300653595 0.00653594771242
0.284444444444 0.284444444444 0.0711111111111 0.0711111111111 0.284444444444 0.00444444444444
0.420361247947 0.105090311987 0.0262725779967 0.0262725779967 0.420361247947 0.00164203612479
0.158317872604 0.158317872604 0.00989486703772 0.0395794681509 0.633271490414 0.000618429189858
0.0469122228331 0.187648891332 0.00293201392707 0.0117280557083 0.750595565329 0.000183250870442
0.0465031789282 0.186012715713 0.0116257947321 0.0116257947321 0.744050862852 0.000181653042688
0.0469186712486 0.187674684994 0.00293241695304 0.0117296678121 0.750698739977 4.58190148912e-05
0.0469186712486 0.187674684994 0.00293241695304 0.0117296678121 0.750698739977 4.58190148912e-05
0.030017881746 0.480286107935 0.00187611760912 0.00750447043649 0.480286107935 2.93143376425e-05
0.110151942988 0.440607771951 0.00172112410918 0.00688449643674 0.440607771951 2.6892564206e-05
0.0474420005328 0.189768002131 0.000741281258325 0.0029651250333 0.759072008525 1.15825196613e-05
0.05545908437 0.05545908437 0.000866548193281 0.000866548193281 0.88734534992 3.38495388e-06
0.0475477392768 0.190190957107 0.0007429334262 0.0007429334262 0.760763828429 1.16083347844e-05
0.166666666667 0.166666666667 0.166666666667 0.166666666667 0.166666666667 0.166666666667
0.0666666666667 0.266666666667 0.266666666667 0.266666666667 0.0666666666667 0.0666666666667
0.121212121212 0.484848484848 0.121212121212 0.121212121212 0.121212121212 0.030303030303
0.0430107526882 0.688172043011 0.0430107526882 0.0430107526882 0.172043010753 0.010752688172
0.0242424242424 0.387878787879 0.0969696969697 0.0969696969697 0.387878787879 0.00606060606061
0.090395480226 0.361581920904 0.090395480226 0.090395480226 0.361581920904 0.00564971751412
0.153477218225 0.613908872902 0.0383693045564 0.0383693045564 0.153477218225 0.00239808153477
0.420361247947 0.420361247947 0.0262725779967 0.0262725779967 0.105090311987 0.00164203612479
0.718596491228 0.179649122807 0.0449122807018 0.0112280701754 0.0449122807018 0.000701754385965
0.429350104822 0.429350104822 0.0268343815514 0.00670859538784 0.107337526205 0.00041928721174
0.164497991968 0.657991967871 0.010281124498 0.0025702811245 0.164497991968 0.000160642570281
0.429485163049 0.429485163049 0.0268428226906 0.00671070567264 0.107371290762 0.000104854776135
0.164517813391 0.658071253565 0.0102823633369 0.00257059083424 0.164517813391 4.0165481785e-05
0.0547469158079 0.875950652926 0.013686728952 0.000855420559499 0.0547469158079 1.33659462422e-05
0.0547469158079 0.875950652926 0.013686728952 0.000855420559499 0.0547469158079 1.33659462422e-05
0.164840582335 0.659362329339 0.0103025363959 0.000643908524745 0.164840582335 1.00610706991e-05
0.110296543135 0.44118617254 0.00689353394594 0.000430845871621 0.44118617254 6.73196674408e-06
0.110296543135 0.44118617254 0.00689353394594 0.000430845871621 0.44118617254 6.73196674408e-06
0.110906343235 0.44362537294 0.00173291161305 0.000108306975815 0.44362537294 1.69229649712e-06
0.110906343235 0.44362537294 0.00173291161305 0.000108306975815 0.44362537294 1.69229649712e-06
0.166666666667 0.166666666667 0.166666666667 0.166666666667 0.166666666667 0.166666666667
0.166666666667 0.166666666667 0.166666666667 0.166666666667 0.166666666667 0.166666666667
0.166666666667 0.166666666667 0.166666666667 0.166666666667 0.166666666667 0.166666666667
0.0666666666667 0.266666666667 0.266666666667 0.266666666667 0.0666666666667 0.0666666666667
0.121212121212 0.484848484848 0.121212121212 0.121212121212 0.121212121212 0.030303030303
0.0430107526882 0.688172043011 0.0430107526882 0.0430107526882 0.172043010753 0.010752688172
0.0242424242424 0.387878787879 0.0969696969697 0.0969696969697 0.387878787879 0.00606060606061
0.090395480226 0.361581920904 0.090395480226 0.090395480226 0.361581920904 0.00564971751412
0.153477218225 0.613908872902 0.0383693045564 0.0383693045564 0.153477218225 0.00239808153477
0.420361247947 0.420361247947 0.0262725779967 0.0262725779967 0.105090311987 0.00164203612479
0.718596491228 0.179649122807 0.0449122807018 0.0112280701754 0.0449122807018 0.000701754385965
0.429350104822 0.429350104822 0.0268343815514 0.00670859538784 0.107337526205 0.00041928721174
0.164497991968 0.657991967871 0.010281124498 0.0025702811245 0.164497991968 0.000160642570281
0.429485163049 0.429485163049 0.0268428226906 0.00671070567264 0.107371290762 0.000104854776135
0.164517813391 0.658071253565 0.0102823633369 0.00257059083424 0.164517813391 4.0165481785e-05
0.164517813391 0.658071253565 0.0102823633369 0.00257059083424 0.164517813391 4.0165481785e-05
0.0547469158079 0.875950652926 0.013686728952 0.000855420559499 0.0547469158079 1.33659462422e-05
0.0547469158079 0.875950652926 0.013686728952 0.000855420559499 0.0547469158079 1.33659462422e-05
0.164840582335 0.659362329339 0.0103025363959 0.000643908524745 0.164840582335 1.00610706991e-05
0.110296543135 0.44118617254 0.00689353394594 0.000430845871621 0.44118617254 6.73196674408e-06
0.110296543135 0.44118617254 0.00689353394594 0.000430845871621 0.44118617254 6.73196674408e-06
0.110906343235 0.44362537294 0.00173291161305 0.000108306975815 0.44362537294 1.69229649712e-06
0.030285049899 0.484560798384 0.000473203904672 0.000118300976168 0.484560798384 1.84845275262e-06
0.0123426935608 0.197483096973 0.000192854586888 4.8213646722e-05 0.789932387894 7.53338230032e-07
0.0144917249058 0.0579668996231 5.66083004132e-05 1.41520751033e-05 0.927470393969 2.21126173489e-07
0.0555517764366 0.0555517764366 5.42497816764e-05 1.35624454191e-05 0.888828422986 2.11913209673e-07
0.0476162710965 0.190465084386 4.65002647427e-05 1.16250661857e-05 0.761860337545 1.81641659151e-07
0.0303019059023 0.484830494437 2.95917049827e-05 7.39792624568e-06 0.484830494437 1.15592597589e-07
0.111107331864 0.444429327455 2.71258134433e-05 6.78145336082e-06 0.444429327455 1.05960208763e-07
0.166666666667 0.166666666667 0.166666666667 0.166666666667 0.166666666667 0.166666666667
0.0666666666667 0.266666666667 0.266666666667 0.0666666666667 0.0666666666667 0.266666666667
0.121212121212 0.121212121212 0.484848484848 0.030303030303 0.121212121212 0.121212121212
0.0701754385965 0.280701754386 0.280701754386 0.0175438596491 0.280701754386 0.0701754385965
0.0380952380952 0.609523809524 0.152380952381 0.00952380952381 0.152380952381 0.0380952380952
0.0969696969697 0.387878787879 0.0969696969697 0.00606060606061 0.387878787879 0.0242424242424
0.166666666667 0.166666666667 0.166666666667 0.166666666667 0.166666666667 0.166666666667
0.222222222222 0.222222222222 0.222222222222 0.222222222222 0.0555555555556 0.0555555555556
0.355555555556 0.355555555556 0.0888888888889 0.0888888888889 0.0888888888889 0.0222222222222
0.152380952381 0.609523809524 0.0380952380952 0.0380952380952 0.152380952381 0.00952380952381
0.361581920904 0.361581920904 0.090395480226 0.090395480226 0.090395480226 0.00564971751412
0.137634408602 0.550537634409 0.0344086021505 0.137634408602 0.137634408602 0.00215053763441
0.389649923896 0.389649923896 0.0243531202435 0.0974124809741 0.0974124809741 0.00152207001522
0.718596491228 0.179649122807 0.0112280701754 0.0449122807018 0.0449122807018 0.000701754385965
0.456938866577 0.456938866577 0.0285586791611 0.0285586791611 0.0285586791611 0.000446229361892
0.179743724767 0.71897489907 0.011233982798 0.0449359311919 0.0449359311919 0.000175530981218
0.158391337974 0.633565351895 0.00989945862336 0.0395978344934 0.158391337974 0.00015467904099
0.0469186712486 0.750698739977 0.00293241695304 0.0117296678121 0.187674684994 4.58190148912e-05
0.110151942988 0.440607771951 0.00172112410918 0.00688449643674 0.440607771951 2.6892564206e-05
0.331170537465 0.331170537465 0.00129363491197 0.00517453964789 0.331170537465 2.02130454996e-05
0.166666666667 0.166666666667 0.166666666667 0.166666666667 0.166666666667 0.166666666667
0.0666666666667 0.266666666667 0.266666666667 0.0666666666667 0.0666666666667 0.266666666667
0.121212121212 0.121212121212 0.484848484848 0.030303030303 0.121212121212 0.121212121212
0.0701754385965 0.280701754386 0.280701754386 0.0175438596491 0.280701754386 0.0701754385965
0.0380952380952 0.609523809524 0.152380952381 0.00952380952381 0.152380952381 0.0380952380952
0.0969696969697 0.387878787879 0.0969696969697 0.00606060606061 0.387878787879 0.0242424242424
0.166666666667 0.166666666667 0.166666666667 0.166666666667 0.166666666667 0.166666666667
0.190476190476 0.190476190476 0.047619047619 0.190476190476 0.190476190476 0.190476190476
0.166666666667 0.166666666667 0.166666666667 0.166666666667 0.166666666667 0.166666666667
0.333333333333 0.0833333333333 0.0833333333333 0.0833333333333 0.333333333333 0.0833333333333
0.166666666667 0.0416666666667 0.0416666666667 0.0416666666667 0.666666666667 0.0416666666667
0.133333333333 0.133333333333 0.133333333333 0.0333333333333 0.533333333333 0.0333333333333
0.172043010753 0.0430107526882 0.0430107526882 0.0430107526882 0.688172043011 0.010752688172
0.136752136752 0.136752136752 0.136752136752 0.034188034188 0.547008547009 0.00854700854701
0.179271708683 0.0448179271709 0.0448179271709 0.0112044817927 0.717086834734 0.00280112044818
0.141280353201 0.141280353201 0.141280353201 0.00883002207506 0.565121412804 0.00220750551876
0.0524160524161 0.0524160524161 0.0524160524161 0.003276003276 0.838656838657 0.000819000819001
0.0525451559934 0.0525451559934 0.0525451559934 0.000821018062397 0.840722495895 0.000821018062397
0.0525451559934 0.0525451559934 0.0525451559934 0.000821018062397 0.840722495895 0.000821018062397
0.159501557632 0.159501557632 0.0398753894081 0.00249221183801 0.63800623053 0.000623052959502
0.164815708997 0.164815708997 0.0103009818123 0.000643811363271 0.659262835989 0.000160952840818
0.164815708997 0.164815708997 0.0103009818123 0.000643811363271 0.659262835989 0.000160952840818
