Price Resolution OpticalZoom DigitalZoom Weight StorageIncluded
0.166666666667 0.166666666667 0.166666666667 0.166666666667 0.166666666667 0.166666666667
0.190476190476 0.190476190476 0.190476190476 0.190476190476 0.047619047619 0.190476190476
0.444444444444 0.111111111111 0.111111111111 0.111111111111 0.111111111111 0.111111111111
0.266666666667 0.266666666667 0.0666666666667 0.0666666666667 0.266666666667 0.0666666666667
0.266666666667 0.266666666667 0.0666666666667 0.0666666666667 0.266666666667 0.0666666666667
0.148148148148 0.592592592593 0.037037037037 0.037037037037 0.148148148148 0.037037037037
0.355555555556 0.355555555556 0.0888888888889 0.0888888888889 0.0888888888889 0.0222222222222
0.609523809524 0.152380952381 0.0380952380952 0.0380952380952 0.152380952381 0.00952380952381
0.300469483568 0.300469483568 0.018779342723 0.075117370892 0.300469483568 0.00469483568075
0.632098765432 0.158024691358 0.00987654320988 0.0395061728395 0.158024691358 0.00246913580247
0.420361247947 0.420361247947 0.0262725779967 0.0262725779967 0.105090311987 0.00164203612479
0.633271490414 0.158317872604 0.0395794681509 0.00989486703772 0.158317872604 0.000618429189858
0.750595565329 0.0469122228331 0.0117280557083 0.00293201392707 0.187648891332 0.000183250870442
0.638304503662 0.159576125916 0.0398940314789 0.00249337696743 0.159576125916 0.000155836060464
0.750698739977 0.0469186712486 0.0117296678121 0.00293241695304 0.187674684994 4.58190148912e-05
0.477598017782 0.0298498761114 0.00746246902784 0.00746246902784 0.477598017782 2.915026964e-05
0.467139965215 0.029196247826 0.00729906195649 0.029196247826 0.467139965215 2.85119607675e-05
0.166666666667 0.166666666667 0.166666666667 0.166666666667 0.166666666667 0.166666666667
0.190476190476 0.190476190476 0.047619047619 0.190476190476 0.190476190476 0.190476190476
0.166666666667 0.166666666667 0.166666666667 0.166666666667 0.166666666667 0.166666666667
0.333333333333 0.0833333333333 0.0833333333333 0.0833333333333 0.333333333333 0.0833333333333
0.166666666667 0.0416666666667 0.0416666666667 0.0416666666667 0.666666666667 0.0416666666667
0.166666666667 0.0416666666667 0.0416666666667 0.0416666666667 0.666666666667 0.0416666666667
0.380952380952 0.0952380952381 0.0238095238095 0.0952380952381 0.380952380952 0.0238095238095
0.426666666667 0.0266666666667 0.00666666666667 0.106666666667 0.426666666667 0.00666666666667
0.426666666667 0.0266666666667 0.00666666666667 0.106666666667 0.426666666667 0.00666666666667
0.387878787879 0.0969696969697 0.0242424242424 0.0969696969697 0.387878787879 0.00606060606061
0.428810720268 0.0268006700168 0.00670016750419 0.107202680067 0.428810720268 0.00167504187605
0.187545787546 0.0117216117216 0.0029304029304 0.0468864468864 0.750183150183 0.000732600732601
0.163161249203 0.0101975780752 0.0101975780752 0.163161249203 0.652644996813 0.0006373486297
0.0551605257488 0.0034475328593 0.0034475328593 0.0551605257488 0.88256841198 0.000215470803706
0.0577063961679 0.0036066497605 0.000901662440124 0.014426599042 0.923302338687 5.63539025077e-05
0.166666666667 0.166666666667 0.166666666667 0.166666666667 0.166666666667 0.166666666667
0.0666666666667 0.266666666667 0.266666666667 0.266666666667 0.0666666666667 0.0666666666667
0.190476190476 0.190476190476 0.190476190476 0.190476190476 0.190476190476 0.047619047619
0.280701754386 0.0701754385965 0.0701754385965 0.280701754386 0.280701754386 0.0175438596491
0.280701754386 0.0701754385965 0.0701754385965 0.280701754386 0.280701754386 0.0175438596491
0.166666666667 0.166666666667 0.166666666667 0.166666666667 0.166666666667 0.166666666667
0.0666666666667 0.266666666667 0.266666666667 0.266666666667 0.0666666666667 0.0666666666667
0.190476190476 0.190476190476 0.190476190476 0.190476190476 0.190476190476 0.047619047619
0.280701754386 0.0701754385965 0.0701754385965 0.280701754386 0.280701754386 0.0175438596491
0.280701754386 0.0701754385965 0.0701754385965 0.280701754386 0.280701754386 0.0175438596491
0.166666666667 0.166666666667 0.166666666667 0.166666666667 0.166666666667 0.166666666667
0.0666666666667 0.266666666667 0.266666666667 0.266666666667 0.0666666666667 0.0666666666667
0.190476190476 0.190476190476 0.190476190476 0.190476190476 0.190476190476 0.047619047619
0.280701754386 0.0701754385965 0.0701754385965 0.280701754386 0.280701754386 0.0175438596491
0.280701754386 0.0701754385965 0.0701754385965 0.280701754386 0.280701754386 0.0175438596491
