Price Resolution OpticalZoom DigitalZoom Weight StorageIncluded
0.166666666667 0.166666666667 0.166666666667 0.166666666667 0.166666666667 0.166666666667
0.0555555555556 0.222222222222 0.222222222222 0.222222222222 0.0555555555556 0.222222222222
0.0555555555556 0.222222222222 0.222222222222 0.222222222222 0.0555555555556 0.222222222222
0.0833333333333 0.0833333333333 0.333333333333 0.333333333333 0.0833333333333 0.0833333333333
0.166666666667 0.166666666667 0.166666666667 0.166666666667 0.166666666667 0.166666666667
0.0555555555556 0.222222222222 0.222222222222 0.222222222222 0.0555555555556 0.222222222222
0.0555555555556 0.222222222222 0.222222222222 0.222222222222 0.0555555555556 0.222222222222
0.0833333333333 0.0833333333333 0.333333333333 0.333333333333 0.0833333333333 0.0833333333333
0.166666666667 0.166666666667 0.166666666667 0.166666666667 0.166666666667 0.166666666667
0.166666666667 0.166666666667 0.166666666667 0.166666666667 0.166666666667 0.166666666667
0.0666666666667 0.266666666667 0.0666666666667 0.266666666667 0.0666666666667 0.266666666667
0.0666666666667 0.266666666667 0.0666666666667 0.266666666667 0.0666666666667 0.266666666667
0.0952380952381 0.0952380952381 0.0238095238095 0.380952380952 0.0238095238095 0.380952380952
0.166666666667 0.166666666667 0.166666666667 0.166666666667 0.166666666667 0.166666666667
0.166666666667 0.166666666667 0.166666666667 0.166666666667 0.166666666667 0.166666666667
0.190476190476 0.190476190476 0.190476190476 0.190476190476 0.190476190476 0.047619047619
0.0888888888889 0.355555555556 0.0888888888889 0.0888888888889 0.355555555556 0.0222222222222
0.152380952381 0.609523809524 0.0380952380952 0.0380952380952 0.152380952381 0.00952380952381
0.318407960199 0.318407960199 0.0199004975124 0.0199004975124 0.318407960199 0.00497512437811
0.632098765432 0.158024691358 0.00987654320988 0.0395061728395 0.158024691358 0.00246913580247
0.872975277067 0.0545609548167 0.00341005967604 0.0136402387042 0.0545609548167 0.000852514919011
0.724699221515 0.181174805379 0.00283085633404 0.0452937013447 0.0452937013447 0.00070771408351
0.397361272798 0.397361272798 0.00620876988747 0.0993403181995 0.0993403181995 0.000388048117967
0.18127102142 0.725084085679 0.00283235970968 0.0453177553549 0.0453177553549 0.000177022481855
0.158317872604 0.633271490414 0.00989486703772 0.158317872604 0.0395794681509 0.000618429189858
0.390095238095 0.390095238095 0.024380952381 0.0975238095238 0.0975238095238 0.000380952380952
0.566293377575 0.141573344394 0.00884833402461 0.141573344394 0.141573344394 0.000138255219135
0.839301265304 0.0524563290815 0.00327852056759 0.0524563290815 0.0524563290815 5.12268838687e-05
0.719069563309 0.179767390827 0.0112354619267 0.0449418477068 0.0449418477068 4.38885231512e-05
0.166666666667 0.166666666667 0.166666666667 0.166666666667 0.166666666667 0.166666666667
0.0555555555556 0.222222222222 0.222222222222 0.222222222222 0.0555555555556 0.222222222222
0.0555555555556 0.222222222222 0.222222222222 0.222222222222 0.0555555555556 0.222222222222
0.0833333333333 0.0833333333333 0.333333333333 0.333333333333 0.0833333333333 0.0833333333333
0.166666666667 0.166666666667 0.166666666667 0.166666666667 0.166666666667 0.166666666667
0.190476190476 0.190476190476 0.190476190476 0.190476190476 0.190476190476 0.047619047619
0.0888888888889 0.355555555556 0.0888888888889 0.0888888888889 0.355555555556 0.0222222222222
0.152380952381 0.609523809524 0.0380952380952 0.0380952380952 0.152380952381 0.00952380952381
0.318407960199 0.318407960199 0.0199004975124 0.0199004975124 0.318407960199 0.00497512437811
0.632098765432 0.158024691358 0.00987654320988 0.0395061728395 0.158024691358 0.00246913580247
0.872975277067 0.0545609548167 0.00341005967604 0.0136402387042 0.0545609548167 0.000852514919011
0.724699221515 0.181174805379 0.00283085633404 0.0452937013447 0.0452937013447 0.00070771408351
0.397361272798 0.397361272798 0.00620876988747 0.0993403181995 0.0993403181995 0.000388048117967
0.18127102142 0.725084085679 0.00283235970968 0.0453177553549 0.0453177553549 0.000177022481855
0.158317872604 0.633271490414 0.00989486703772 0.158317872604 0.0395794681509 0.000618429189858
0.390095238095 0.390095238095 0.024380952381 0.0975238095238 0.0975238095238 0.000380952380952
0.566293377575 0.141573344394 0.00884833402461 0.141573344394 0.141573344394 0.000138255219135
0.839301265304 0.0524563290815 0.00327852056759 0.0524563290815 0.0524563290815 5.12268838687e-05
0.719069563309 0.179767390827 0.0112354619267 0.0449418477068 0.0449418477068 4.38885231512e-05
0.166666666667 0.166666666667 0.166666666667 0.166666666667 0.166666666667 0.166666666667
0.0555555555556 0.222222222222 0.222222222222 0.222222222222 0.0555555555556 0.222222222222
0.0555555555556 0.222222222222 0.222222222222 0.222222222222 0.0555555555556 0.222222222222
0.0833333333333 0.0833333333333 0.333333333333 0.333333333333 0.0833333333333 0.0833333333333
0.166666666667 0.166666666667 0.166666666667 0.166666666667 0.166666666667 0.166666666667
