Price Resolution OpticalZoom DigitalZoom Weight StorageIncluded
0.166666666667 0.166666666667 0.166666666667 0.166666666667 0.166666666667 0.166666666667
0.233333333333 0.233333333333 0.0333333333333 0.233333333333 0.233333333333 0.0333333333333
0.616666666667 0.116666666667 0.0166666666667 0.116666666667 0.116666666667 0.0166666666667
0.808333333333 0.0583333333333 0.00833333333333 0.0583333333333 0.0583333333333 0.00833333333333
0.269444444444 0.352777777778 0.00277777777778 0.0194444444444 0.0194444444444 0.336111111111
0.269444444444 0.352777777778 0.00277777777778 0.0194444444444 0.0194444444444 0.336111111111
0.134722222222 0.176388888889 0.00138888888889 0.00972222222222 0.509722222222 0.168055555556
0.226944444444 0.235277777778 0.000277777777778 0.201944444444 0.301944444444 0.0336111111111
0.408981481481 0.0784259259259 9.25925925926e-05 0.400648148148 0.100648148148 0.0112037037037
0.166666666667 0.166666666667 0.166666666667 0.166666666667 0.166666666667 0.166666666667
0.0416666666667 0.291666666667 0.0416666666667 0.291666666667 0.0416666666667 0.291666666667
0.0416666666667 0.291666666667 0.0416666666667 0.291666666667 0.0416666666667 0.291666666667
0.347222222222 0.0972222222222 0.0138888888889 0.0972222222222 0.347222222222 0.0972222222222
0.336805555556 0.0243055555556 0.00347222222222 0.274305555556 0.336805555556 0.0243055555556
0.112268518519 0.341435185185 0.00115740740741 0.0914351851852 0.112268518519 0.341435185185
0.0561342592593 0.170717592593 0.000578703703704 0.0457175925926 0.556134259259 0.170717592593
0.211226851852 0.234143518519 0.000115740740741 0.209143518519 0.311226851852 0.0341435185185
0.403742283951 0.0780478395062 3.85802469136e-05 0.0697145061728 0.437075617284 0.0113811728395
0.166666666667 0.166666666667 0.166666666667 0.166666666667 0.166666666667 0.166666666667
0.194444444444 0.194444444444 0.0277777777778 0.194444444444 0.194444444444 0.194444444444
0.597222222222 0.0972222222222 0.0138888888889 0.0972222222222 0.0972222222222 0.0972222222222
0.399305555556 0.0243055555556 0.00347222222222 0.274305555556 0.274305555556 0.0243055555556
0.133101851852 0.341435185185 0.00115740740741 0.0914351851852 0.0914351851852 0.341435185185
0.0665509259259 0.170717592593 0.000578703703704 0.0457175925926 0.545717592593 0.170717592593
0.177758487654 0.195119598765 9.6450617284e-05 0.174286265432 0.257619598765 0.195119598765
0.392586162551 0.0650398662551 3.21502057613e-05 0.0580954218107 0.419206532922 0.0650398662551
0.130862054184 0.355013288752 1.07167352538e-05 0.0193651406036 0.473068844307 0.0216799554184
0.376954018061 0.118337762917 3.57224508459e-06 0.339788380201 0.157689614769 0.00722665180613
0.166666666667 0.166666666667 0.166666666667 0.166666666667 0.166666666667 0.166666666667
0.0333333333333 0.233333333333 0.0333333333333 0.233333333333 0.233333333333 0.233333333333
0.0333333333333 0.233333333333 0.0333333333333 0.233333333333 0.233333333333 0.233333333333
0.344444444444 0.0777777777778 0.0111111111111 0.0777777777778 0.411111111111 0.0777777777778
0.336111111111 0.0194444444444 0.00277777777778 0.269444444444 0.352777777778 0.0194444444444
0.112037037037 0.339814814815 0.000925925925926 0.0898148148148 0.117592592593 0.339814814815
0.0560185185185 0.169907407407 0.000462962962963 0.0449074074074 0.558796296296 0.169907407407
0.211203703704 0.233981481481 9.25925925926e-05 0.208981481481 0.311759259259 0.0339814814815
0.403734567901 0.0779938271605 3.08641975309e-05 0.0696604938272 0.43725308642 0.0113271604938
0.166666666667 0.166666666667 0.166666666667 0.166666666667 0.166666666667 0.166666666667
0.194444444444 0.194444444444 0.0277777777778 0.194444444444 0.194444444444 0.194444444444
0.597222222222 0.0972222222222 0.0138888888889 0.0972222222222 0.0972222222222 0.0972222222222
0.399305555556 0.0243055555556 0.00347222222222 0.274305555556 0.274305555556 0.0243055555556
0.133101851852 0.341435185185 0.00115740740741 0.0914351851852 0.0914351851852 0.341435185185
0.0665509259259 0.170717592593 0.000578703703704 0.0457175925926 0.545717592593 0.170717592593
0.177758487654 0.195119598765 9.6450617284e-05 0.174286265432 0.257619598765 0.195119598765
0.392586162551 0.0650398662551 3.21502057613e-05 0.0580954218107 0.419206532922 0.0650398662551
0.130862054184 0.355013288752 1.07167352538e-05 0.0193651406036 0.473068844307 0.0216799554184
0.376954018061 0.118337762917 3.57224508459e-06 0.339788380201 0.157689614769 0.00722665180613
