Price Resolution OpticalZoom DigitalZoom Weight StorageIncluded
0.166666666667 0.166666666667 0.166666666667 0.166666666667 0.166666666667 0.166666666667
0.0666666666667 0.266666666667 0.0666666666667 0.266666666667 0.0666666666667 0.266666666667
0.0666666666667 0.266666666667 0.0666666666667 0.266666666667 0.0666666666667 0.266666666667
0.190476190476 0.190476190476 0.047619047619 0.190476190476 0.190476190476 0.190476190476
0.280701754386 0.0701754385965 0.0175438596491 0.280701754386 0.280701754386 0.0701754385965
0.152380952381 0.0380952380952 0.00952380952381 0.152380952381 0.609523809524 0.0380952380952
0.152380952381 0.0380952380952 0.00952380952381 0.152380952381 0.609523809524 0.0380952380952
0.179271708683 0.0448179271709 0.00280112044818 0.0448179271709 0.717086834734 0.0112044817927
0.187545787546 0.0117216117216 0.000732600732601 0.0468864468864 0.750183150183 0.0029304029304
0.181174805379 0.0452937013447 0.00070771408351 0.0452937013447 0.724699221515 0.00283085633404
0.431521281079 0.0269700800674 0.000421407501054 0.10788032027 0.431521281079 0.00168563000421
0.399220272904 0.0998050682261 0.000389863547758 0.0998050682261 0.399220272904 0.00155945419103
0.307230723072 0.307230723072 0.000300030003 0.0768076807681 0.307230723072 0.001200120012
0.399804782821 0.0999511957052 9.76085895559e-05 0.0999511957052 0.399804782821 0.000390434358224
0.43237537276 0.10809384319 2.63900984351e-05 0.0270234607975 0.43237537276 0.00010556039374
0.399951177835 0.0999877944587 2.44110826315e-05 0.0999877944587 0.399951177835 9.76443305261e-05
0.639950003906 0.0399968752441 3.90594484806e-05 0.159987500976 0.159987500976 3.90594484806e-05
0.399980469704 0.0999951174259 2.44128704653e-05 0.0999951174259 0.399980469704 2.44128704653e-05
0.727256586102 0.0454535366314 1.10970548416e-05 0.0454535366314 0.181814146526 1.10970548416e-05
0.752930363477 0.0470581477173 1.1488805595e-05 0.0117645369293 0.188232590869 2.87220139876e-06
0.432428865762 0.10810721644 6.59834084719e-06 0.0270268041101 0.432428865762 1.6495852118e-06
0.159999218754 0.159999218754 2.44139432913e-06 0.0399998046885 0.639996875015 2.44139432913e-06
0.188235023789 0.0470587559473 7.18059630544e-07 0.0117646889868 0.752940095157 7.18059630544e-07
0.470587812906 0.0294117383066 4.48787510782e-07 0.0294117383066 0.470587812906 4.48787510782e-07
0.188235226535 0.0117647016585 1.7951510099e-07 0.0470588066339 0.752940906142 1.7951510099e-07
0.188235226535 0.0117647016585 1.7951510099e-07 0.0470588066339 0.752940906142 1.7951510099e-07
0.432432343265 0.0270270214541 1.03099904839e-07 0.108108085816 0.432432343265 1.03099904839e-07
0.481202979915 0.00751879656117 2.86819326827e-08 0.0300751862447 0.481202979915 2.86819326827e-08
0.787692289201 0.00307692300469 1.17375297725e-08 0.0123076920188 0.1969230723 1.17375297725e-08
0.166666666667 0.166666666667 0.166666666667 0.166666666667 0.166666666667 0.166666666667
0.0555555555556 0.222222222222 0.0555555555556 0.222222222222 0.222222222222 0.222222222222
0.0555555555556 0.222222222222 0.0555555555556 0.222222222222 0.222222222222 0.222222222222
0.121212121212 0.121212121212 0.030303030303 0.121212121212 0.484848484848 0.121212121212
0.152380952381 0.0380952380952 0.00952380952381 0.152380952381 0.609523809524 0.0380952380952
0.152380952381 0.0380952380952 0.00952380952381 0.152380952381 0.609523809524 0.0380952380952
0.300469483568 0.075117370892 0.00469483568075 0.300469483568 0.300469483568 0.018779342723
0.324461343473 0.020278833967 0.00126742712294 0.324461343473 0.324461343473 0.00506970849176
0.324461343473 0.020278833967 0.00126742712294 0.324461343473 0.324461343473 0.00506970849176
0.305854241338 0.0764635603345 0.00119474313023 0.305854241338 0.305854241338 0.00477897252091
0.431521281079 0.0269700800674 0.000421407501054 0.431521281079 0.10788032027 0.00168563000421
0.726627638815 0.0454142274259 0.000177399325883 0.181656909704 0.0454142274259 0.00070959730353
0.63950039032 0.039968774395 0.00015612802498 0.15987509758 0.15987509758 0.000624512099922
0.326322498407 0.0203951561504 0.00031867431485 0.326322498407 0.326322498407 0.00031867431485
0.44128420599 0.0068950657186 0.000107735401853 0.110321051498 0.44128420599 0.000107735401853
0.18821799467 0.0117636246669 4.59516588549e-05 0.0470544986674 0.752871978678 4.59516588549e-05
0.164935169526 0.0103084480954 4.02673753725e-05 0.164935169526 0.659740678103 4.02673753725e-05
0.159968756102 0.0399921890256 0.000156219488381 0.159968756102 0.639875024409 3.90548720953e-05
0.18822448159 0.0117640300994 4.59532425757e-05 0.0470561203975 0.75289792636 1.14883106439e-05
0.188230968958 0.0117644355598 1.14887066014e-05 0.0470577422394 0.75292387583 1.14887066014e-05
0.188230968958 0.0117644355598 1.14887066014e-05 0.0470577422394 0.75292387583 1.14887066014e-05
0.188232590869 0.0117645369293 2.87220139876e-06 0.0470581477173 0.752930363477 1.1488805595e-05
0.196922337281 0.00307691152001 7.51199101566e-07 0.0123076460801 0.787689349124 3.00479640626e-06
0.483930830367 0.00189035480612 4.61512403838e-07 0.0302456768979 0.483930830367 1.84604961535e-06
0.166666666667 0.166666666667 0.166666666667 0.166666666667 0.166666666667 0.166666666667
0.0555555555556 0.222222222222 0.0555555555556 0.222222222222 0.222222222222 0.222222222222
0.0555555555556 0.222222222222 0.0555555555556 0.222222222222 0.222222222222 0.222222222222
0.121212121212 0.121212121212 0.030303030303 0.121212121212 0.484848484848 0.121212121212
0.152380952381 0.0380952380952 0.00952380952381 0.152380952381 0.609523809524 0.0380952380952
0.152380952381 0.0380952380952 0.00952380952381 0.152380952381 0.609523809524 0.0380952380952
0.300469483568 0.075117370892 0.00469483568075 0.300469483568 0.300469483568 0.018779342723
0.324461343473 0.020278833967 0.00126742712294 0.324461343473 0.324461343473 0.00506970849176
0.324461343473 0.020278833967 0.00126742712294 0.324461343473 0.324461343473 0.00506970849176
0.305854241338 0.0764635603345 0.00119474313023 0.305854241338 0.305854241338 0.00477897252091
0.431521281079 0.0269700800674 0.000421407501054 0.431521281079 0.10788032027 0.00168563000421
0.726627638815 0.0454142274259 0.000177399325883 0.181656909704 0.0454142274259 0.00070959730353
0.63950039032 0.039968774395 0.00015612802498 0.15987509758 0.15987509758 0.000624512099922
0.326322498407 0.0203951561504 0.00031867431485 0.326322498407 0.326322498407 0.00031867431485
0.44128420599 0.0068950657186 0.000107735401853 0.110321051498 0.44128420599 0.000107735401853
0.18821799467 0.0117636246669 4.59516588549e-05 0.0470544986674 0.752871978678 4.59516588549e-05
0.164935169526 0.0103084480954 4.02673753725e-05 0.164935169526 0.659740678103 4.02673753725e-05
0.159968756102 0.0399921890256 0.000156219488381 0.159968756102 0.639875024409 3.90548720953e-05
0.18822448159 0.0117640300994 4.59532425757e-05 0.0470561203975 0.75289792636 1.14883106439e-05
0.188230968958 0.0117644355598 1.14887066014e-05 0.0470577422394 0.75292387583 1.14887066014e-05
0.188230968958 0.0117644355598 1.14887066014e-05 0.0470577422394 0.75292387583 1.14887066014e-05
0.196920118388 0.00307687684981 3.00476254864e-06 0.0123075073992 0.787680473551 1.20190501946e-05
0.483927480289 0.00189034171988 1.84603683582e-06 0.0302454675181 0.483927480289 7.38414734328e-06
0.190333881513 0.000743491724661 7.26066137364e-07 0.0475834703783 0.761335526053 2.90426454946e-06
0.190333881513 0.000743491724661 7.26066137364e-07 0.0475834703783 0.761335526053 2.90426454946e-06
0.44367323814 0.00173309858648 4.23119772091e-07 0.110918309535 0.44367323814 1.69247908836e-06
0.484618745113 0.000473260493275 1.15542112616e-07 0.0302886715696 0.484618745113 4.62168450464e-07
0.789970884413 0.000192863985452 4.70859339483e-08 0.0123432950689 0.197492721103 1.88343735793e-07
0.166666666667 0.166666666667 0.166666666667 0.166666666667 0.166666666667 0.166666666667
0.166666666667 0.166666666667 0.166666666667 0.166666666667 0.166666666667 0.166666666667
0.222222222222 0.222222222222 0.0555555555556 0.222222222222 0.222222222222 0.0555555555556
0.533333333333 0.133333333333 0.0333333333333 0.133333333333 0.133333333333 0.0333333333333
0.380952380952 0.0952380952381 0.0238095238095 0.0952380952381 0.380952380952 0.0238095238095
0.380952380952 0.0952380952381 0.0238095238095 0.0952380952381 0.380952380952 0.0238095238095
0.177777777778 0.0444444444444 0.0111111111111 0.0444444444444 0.711111111111 0.0111111111111
0.193939393939 0.0121212121212 0.0030303030303 0.0121212121212 0.775757575758 0.0030303030303
0.479400749064 0.00749063670412 0.00187265917603 0.0299625468165 0.479400749064 0.00187265917603
0.439862542955 0.00687285223368 0.00171821305842 0.109965635739 0.439862542955 0.00171821305842
0.442715088629 0.00172935581496 0.00172935581496 0.110678772157 0.442715088629 0.00043233895374
0.440430107527 0.00688172043011 0.00172043010753 0.110107526882 0.440430107527 0.000430107526882
0.189735037984 0.0029646099685 0.000741152492125 0.047433759496 0.758940151936 0.000185288123031
0.443434015373 0.00173216412255 0.000433041030638 0.110858503843 0.443434015373 0.000108260257659
0.761161440186 0.000743321718931 0.000185830429733 0.0475725900116 0.190290360046 4.64576074332e-05
0.166666666667 0.166666666667 0.166666666667 0.166666666667 0.166666666667 0.166666666667
0.190476190476 0.190476190476 0.047619047619 0.190476190476 0.190476190476 0.190476190476
0.190476190476 0.190476190476 0.047619047619 0.190476190476 0.190476190476 0.190476190476
0.355555555556 0.0888888888889 0.0222222222222 0.0888888888889 0.355555555556 0.0888888888889
0.355555555556 0.0888888888889 0.0222222222222 0.0888888888889 0.355555555556 0.0888888888889
0.688172043011 0.0430107526882 0.010752688172 0.0430107526882 0.172043010753 0.0430107526882
0.693766937669 0.0433604336043 0.00271002710027 0.0433604336043 0.173441734417 0.0433604336043
0.742028985507 0.0115942028986 0.00289855072464 0.0463768115942 0.185507246377 0.0115942028986
0.476722532588 0.00744878957169 0.00186219739292 0.0297951582868 0.476722532588 0.00744878957169
0.750183150183 0.0117216117216 0.000732600732601 0.0468864468864 0.187545787546 0.0029304029304
0.884856340462 0.00345647007993 0.000216029379996 0.0553035212789 0.0553035212789 0.000864117519983
0.758940151936 0.0029646099685 0.000185288123031 0.047433759496 0.189735037984 0.000741152492125
0.443434015373 0.00173216412255 0.000108260257659 0.110858503843 0.443434015373 0.000433041030638
0.190290360046 0.000743321718931 4.64576074332e-05 0.0475725900116 0.761161440186 0.000185830429733
0.166666666667 0.166666666667 0.166666666667 0.166666666667 0.166666666667 0.166666666667
0.0666666666667 0.266666666667 0.0666666666667 0.266666666667 0.0666666666667 0.266666666667
0.0666666666667 0.266666666667 0.0666666666667 0.266666666667 0.0666666666667 0.266666666667
0.190476190476 0.190476190476 0.047619047619 0.190476190476 0.190476190476 0.190476190476
0.280701754386 0.0701754385965 0.0175438596491 0.280701754386 0.280701754386 0.0701754385965
0.152380952381 0.0380952380952 0.00952380952381 0.152380952381 0.609523809524 0.0380952380952
0.152380952381 0.0380952380952 0.00952380952381 0.152380952381 0.609523809524 0.0380952380952
0.179271708683 0.0448179271709 0.00280112044818 0.0448179271709 0.717086834734 0.0112044817927
0.187545787546 0.0117216117216 0.000732600732601 0.0468864468864 0.750183150183 0.0029304029304
0.181174805379 0.0452937013447 0.00070771408351 0.0452937013447 0.724699221515 0.00283085633404
0.431521281079 0.0269700800674 0.000421407501054 0.10788032027 0.431521281079 0.00168563000421
0.399220272904 0.0998050682261 0.000389863547758 0.0998050682261 0.399220272904 0.00155945419103
0.307230723072 0.307230723072 0.000300030003 0.0768076807681 0.307230723072 0.001200120012
0.399804782821 0.0999511957052 9.76085895559e-05 0.0999511957052 0.399804782821 0.000390434358224
0.159968756102 0.159968756102 3.90548720953e-05 0.0399921890256 0.639875024409 0.000156219488381
0.142832234892 0.142832234892 3.48711510967e-05 0.142832234892 0.571328939568 0.000139484604387
0.399951177835 0.0999877944587 2.44110826315e-05 0.0999877944587 0.399951177835 9.76443305261e-05
0.142850915051 0.142850915051 8.71892792062e-06 0.142850915051 0.571403660206 3.48757116825e-05
0.0999951174259 0.399980469704 2.44128704653e-05 0.0999951174259 0.399980469704 2.44128704653e-05
0.14285465167 0.14285465167 8.7191559857e-06 0.14285465167 0.571418606679 8.7191559857e-06
0.159998046899 0.159998046899 9.76550579217e-06 0.0399995117247 0.639992187595 2.44137644804e-06
0.0454542932446 0.181817172978 2.77430989041e-06 0.0454542932446 0.727268691913 2.77430989041e-06
0.0547944289209 0.0547944289209 8.36096632704e-07 0.0136986072302 0.876710862735 8.36096632704e-07
0.181817929607 0.0454544824018 6.93580358914e-07 0.0454544824018 0.727271718429 6.93580358914e-07
0.0547944976412 0.0136986244103 2.09024420323e-07 0.0547944976412 0.876711962259 2.09024420323e-07
0.0547944976412 0.0136986244103 2.09024420323e-07 0.0547944976412 0.876711962259 2.09024420323e-07
0.159999951172 0.039999987793 1.52587844059e-07 0.159999951172 0.639999804688 1.52587844059e-07
0.181818166055 0.0454545415137 4.33488288057e-08 0.0454545415137 0.72727266422 4.33488288057e-08
0.195121939873 0.0121951212421 4.65206956561e-08 0.0121951212421 0.780487759492 1.1630173914e-08
0.166666666667 0.166666666667 0.166666666667 0.166666666667 0.166666666667 0.166666666667
0.0555555555556 0.222222222222 0.0555555555556 0.222222222222 0.222222222222 0.222222222222
0.0555555555556 0.222222222222 0.0555555555556 0.222222222222 0.222222222222 0.222222222222
0.121212121212 0.121212121212 0.030303030303 0.121212121212 0.484848484848 0.121212121212
0.152380952381 0.0380952380952 0.00952380952381 0.152380952381 0.609523809524 0.0380952380952
0.152380952381 0.0380952380952 0.00952380952381 0.152380952381 0.609523809524 0.0380952380952
0.300469483568 0.075117370892 0.00469483568075 0.300469483568 0.300469483568 0.018779342723
0.324461343473 0.020278833967 0.00126742712294 0.324461343473 0.324461343473 0.00506970849176
0.324461343473 0.020278833967 0.00126742712294 0.324461343473 0.324461343473 0.00506970849176
0.305854241338 0.0764635603345 0.00119474313023 0.305854241338 0.305854241338 0.00477897252091
0.431521281079 0.0269700800674 0.000421407501054 0.431521281079 0.10788032027 0.00168563000421
0.726627638815 0.0454142274259 0.000177399325883 0.181656909704 0.0454142274259 0.00070959730353
0.63950039032 0.039968774395 0.00015612802498 0.15987509758 0.15987509758 0.000624512099922
0.326322498407 0.0203951561504 0.00031867431485 0.326322498407 0.326322498407 0.00031867431485
0.44128420599 0.0068950657186 0.000107735401853 0.110321051498 0.44128420599 0.000107735401853
0.18821799467 0.0117636246669 4.59516588549e-05 0.0470544986674 0.752871978678 4.59516588549e-05
0.164935169526 0.0103084480954 4.02673753725e-05 0.164935169526 0.659740678103 4.02673753725e-05
0.159968756102 0.0399921890256 0.000156219488381 0.159968756102 0.639875024409 3.90548720953e-05
0.18822448159 0.0117640300994 4.59532425757e-05 0.0470561203975 0.75289792636 1.14883106439e-05
0.188230968958 0.0117644355598 1.14887066014e-05 0.0470577422394 0.75292387583 1.14887066014e-05
0.188230968958 0.0117644355598 1.14887066014e-05 0.0470577422394 0.75292387583 1.14887066014e-05
0.188232590869 0.0117645369293 2.87220139876e-06 0.0470581477173 0.752930363477 1.1488805595e-05
0.196922337281 0.00307691152001 7.51199101566e-07 0.0123076460801 0.787689349124 3.00479640626e-06
0.483930830367 0.00189035480612 4.61512403838e-07 0.0302456768979 0.483930830367 1.84604961535e-06
0.166666666667 0.166666666667 0.166666666667 0.166666666667 0.166666666667 0.166666666667
0.0555555555556 0.222222222222 0.0555555555556 0.222222222222 0.222222222222 0.222222222222
0.0555555555556 0.222222222222 0.0555555555556 0.222222222222 0.222222222222 0.222222222222
0.121212121212 0.121212121212 0.030303030303 0.121212121212 0.484848484848 0.121212121212
0.0430107526882 0.0430107526882 0.010752688172 0.172043010753 0.688172043011 0.0430107526882
0.0430107526882 0.0430107526882 0.010752688172 0.172043010753 0.688172043011 0.0430107526882
0.0448179271709 0.0448179271709 0.00280112044818 0.179271708683 0.717086834734 0.0112044817927
0.158024691358 0.0395061728395 0.00246913580247 0.158024691358 0.632098765432 0.00987654320988
0.305854241338 0.0764635603345 0.00119474313023 0.305854241338 0.305854241338 0.00477897252091
0.63800623053 0.0398753894081 0.000623052959502 0.159501557632 0.159501557632 0.00249221183801
0.399220272904 0.0998050682261 0.000389863547758 0.0998050682261 0.399220272904 0.00155945419103
0.726627638815 0.0454142274259 0.000177399325883 0.0454142274259 0.181656909704 0.00070959730353
0.570791527313 0.142697881828 0.000557413600892 0.142697881828 0.142697881828 0.000557413600892
0.39968774395 0.0999219359875 0.000390320062451 0.0999219359875 0.39968774395 0.000390320062451
0.470480128647 0.0294050080404 0.000114863312658 0.0294050080404 0.470480128647 0.000114863312658
0.195103362866 0.0121939601791 4.76326569496e-05 0.0121939601791 0.780413451462 4.76326569496e-05
0.18821799467 0.0470544986674 4.59516588549e-05 0.0117636246669 0.752871978678 4.59516588549e-05
0.481132352509 0.0300707720318 0.000117463953249 0.00751769300796 0.481132352509 2.93659883123e-05
0.492289201878 0.00769201877934 3.00469483568e-05 0.00769201877934 0.492289201878 7.5117370892e-06
0.495148510176 0.0077366954715 3.02214666856e-05 0.00193417386788 0.495148510176 1.88884166785e-06
0.495148510176 0.0077366954715 3.02214666856e-05 0.00193417386788 0.495148510176 1.88884166785e-06
0.498777524721 0.00194834970594 7.61074103883e-06 0.000487087426485 0.498777524721 1.90268525971e-06
0.798748907846 0.000780028230319 3.04698527468e-06 0.000780028230319 0.199687226962 7.6174631867e-07
0.79688413149 0.000778207159658 3.03987171741e-06 0.00311282863863 0.199221032872 7.59967929353e-07
0.166666666667 0.166666666667 0.166666666667 0.166666666667 0.166666666667 0.166666666667
0.0666666666667 0.266666666667 0.0666666666667 0.266666666667 0.0666666666667 0.266666666667
0.0666666666667 0.266666666667 0.0666666666667 0.266666666667 0.0666666666667 0.266666666667
0.190476190476 0.190476190476 0.047619047619 0.190476190476 0.190476190476 0.190476190476
0.280701754386 0.0701754385965 0.0175438596491 0.280701754386 0.280701754386 0.0701754385965
0.152380952381 0.0380952380952 0.00952380952381 0.152380952381 0.609523809524 0.0380952380952
0.152380952381 0.0380952380952 0.00952380952381 0.152380952381 0.609523809524 0.0380952380952
0.179271708683 0.0448179271709 0.00280112044818 0.0448179271709 0.717086834734 0.0112044817927
0.187545787546 0.0117216117216 0.000732600732601 0.0468864468864 0.750183150183 0.0029304029304
0.181174805379 0.0452937013447 0.00070771408351 0.0452937013447 0.724699221515 0.00283085633404
0.431521281079 0.0269700800674 0.000421407501054 0.10788032027 0.431521281079 0.00168563000421
0.399220272904 0.0998050682261 0.000389863547758 0.0998050682261 0.399220272904 0.00155945419103
0.307230723072 0.307230723072 0.000300030003 0.0768076807681 0.307230723072 0.001200120012
0.399804782821 0.0999511957052 9.76085895559e-05 0.0999511957052 0.399804782821 0.000390434358224
0.159968756102 0.159968756102 3.90548720953e-05 0.0399921890256 0.639875024409 0.000156219488381
0.142832234892 0.142832234892 3.48711510967e-05 0.142832234892 0.571328939568 0.000139484604387
0.399951177835 0.0999877944587 2.44110826315e-05 0.0999877944587 0.399951177835 9.76443305261e-05
0.142850915051 0.142850915051 8.71892792062e-06 0.142850915051 0.571403660206 3.48757116825e-05
0.0999951174259 0.399980469704 2.44128704653e-05 0.0999951174259 0.399980469704 2.44128704653e-05
0.14285465167 0.14285465167 8.7191559857e-06 0.14285465167 0.571418606679 8.7191559857e-06
0.159998046899 0.159998046899 9.76550579217e-06 0.0399995117247 0.639992187595 2.44137644804e-06
0.0454542932446 0.181817172978 2.77430989041e-06 0.0454542932446 0.727268691913 2.77430989041e-06
0.0547944289209 0.0547944289209 8.36096632704e-07 0.0136986072302 0.876710862735 8.36096632704e-07
0.181817929607 0.0454544824018 6.93580358914e-07 0.0454544824018 0.727271718429 6.93580358914e-07
0.0547944976412 0.0136986244103 2.09024420323e-07 0.0547944976412 0.876711962259 2.09024420323e-07
0.0547944976412 0.0136986244103 2.09024420323e-07 0.0547944976412 0.876711962259 2.09024420323e-07
0.159999951172 0.039999987793 1.52587844059e-07 0.159999951172 0.639999804688 1.52587844059e-07
0.181818166055 0.0454545415137 4.33488288057e-08 0.0454545415137 0.72727266422 4.33488288057e-08
0.195121946681 0.0121951216676 1.16301743198e-08 0.0121951216676 0.780487786724 1.16301743198e-08
