Price Resolution OpticalZoom DigitalZoom Weight StorageIncluded
0.166666666667 0.166666666667 0.166666666667 0.166666666667 0.166666666667 0.166666666667
0.128205128205 0.205128205128 0.128205128205 0.205128205128 0.205128205128 0.128205128205
0.11655011655 0.18648018648 0.207459207459 0.18648018648 0.18648018648 0.11655011655
0.180458430458 0.1554001554 0.172882672883 0.1554001554 0.238733488733 0.0971250971251
0.180458430458 0.1554001554 0.172882672883 0.1554001554 0.238733488733 0.0971250971251
0.164053118599 0.141272868546 0.157166066257 0.141272868546 0.307939535212 0.088295542841
0.176035412399 0.16084857903 0.171444044171 0.16084857903 0.271959690142 0.0588636952273
0.212334932615 0.123729676177 0.131880033978 0.2006527531 0.28612283857 0.0452797655595
0.283940847832 0.112481523797 0.11989093998 0.182411593728 0.260111671428 0.0411634232359
