Price Resolution OpticalZoom DigitalZoom Weight StorageIncluded
0.166666666667 0.166666666667 0.166666666667 0.166666666667 0.166666666667 0.166666666667
0.190476190476 0.190476190476 0.047619047619 0.190476190476 0.190476190476 0.190476190476
0.190476190476 0.190476190476 0.047619047619 0.190476190476 0.190476190476 0.190476190476
0.355555555556 0.0888888888889 0.0222222222222 0.0888888888889 0.355555555556 0.0888888888889
0.355555555556 0.0888888888889 0.0222222222222 0.0888888888889 0.355555555556 0.0888888888889
0.688172043011 0.0430107526882 0.010752688172 0.0430107526882 0.172043010753 0.0430107526882
0.361581920904 0.090395480226 0.00564971751412 0.090395480226 0.361581920904 0.090395480226
0.420361247947 0.105090311987 0.00164203612479 0.0262725779967 0.420361247947 0.0262725779967
0.718596491228 0.0449122807018 0.000701754385965 0.0449122807018 0.179649122807 0.0112280701754
0.718596491228 0.0449122807018 0.000701754385965 0.0449122807018 0.179649122807 0.0112280701754
0.397361272798 0.0993403181995 0.000388048117967 0.0993403181995 0.397361272798 0.00620876988747
0.431657708926 0.0269786068079 0.000105385182843 0.107914427232 0.431657708926 0.00168616292549
0.18168108228 0.04542027057 4.43557329785e-05 0.04542027057 0.72672432912 0.000709691727656
0.18168108228 0.04542027057 4.43557329785e-05 0.04542027057 0.72672432912 0.000709691727656
0.188198536591 0.0470496341477 1.14867270869e-05 0.0117624085369 0.752794146364 0.00018378763339
0.166666666667 0.166666666667 0.166666666667 0.166666666667 0.166666666667 0.166666666667
0.166666666667 0.166666666667 0.166666666667 0.166666666667 0.166666666667 0.166666666667
0.0666666666667 0.266666666667 0.0666666666667 0.266666666667 0.0666666666667 0.266666666667
0.0666666666667 0.266666666667 0.0666666666667 0.266666666667 0.0666666666667 0.266666666667
0.190476190476 0.190476190476 0.047619047619 0.190476190476 0.190476190476 0.190476190476
0.190476190476 0.190476190476 0.047619047619 0.190476190476 0.190476190476 0.190476190476
0.197530864198 0.197530864198 0.0123456790123 0.197530864198 0.197530864198 0.197530864198
0.124031007752 0.496124031008 0.0077519379845 0.124031007752 0.124031007752 0.124031007752
0.124756335283 0.499025341131 0.00194931773879 0.124756335283 0.124756335283 0.124756335283
0.363120567376 0.363120567376 0.00141843971631 0.090780141844 0.090780141844 0.090780141844
0.615015015015 0.153753753754 0.000600600600601 0.0384384384384 0.153753753754 0.0384384384384
0.864682288368 0.054042643023 0.000211104074309 0.0135106607558 0.054042643023 0.0135106607558
0.166666666667 0.166666666667 0.166666666667 0.166666666667 0.166666666667 0.166666666667
0.0555555555556 0.222222222222 0.0555555555556 0.222222222222 0.222222222222 0.222222222222
0.0555555555556 0.222222222222 0.0555555555556 0.222222222222 0.222222222222 0.222222222222
0.121212121212 0.121212121212 0.030303030303 0.121212121212 0.484848484848 0.121212121212
0.121212121212 0.121212121212 0.030303030303 0.121212121212 0.484848484848 0.121212121212
0.152380952381 0.0380952380952 0.00952380952381 0.152380952381 0.609523809524 0.0380952380952
0.124031007752 0.124031007752 0.0077519379845 0.124031007752 0.496124031008 0.124031007752
0.137634408602 0.137634408602 0.00215053763441 0.137634408602 0.550537634409 0.0344086021505
0.301531213192 0.075382803298 0.00117785630153 0.301531213192 0.301531213192 0.0188457008245
0.429350104822 0.0268343815514 0.00041928721174 0.107337526205 0.429350104822 0.00670859538784
0.397361272798 0.0993403181995 0.000388048117967 0.0993403181995 0.397361272798 0.00620876988747
0.725084085679 0.0453177553549 0.000177022481855 0.0453177553549 0.18127102142 0.00283235970968
0.752353400377 0.0117555218809 4.59200073472e-05 0.0470220875235 0.188088350094 0.000734720117555
0.470358568025 0.0293974105015 2.87084086929e-05 0.0293974105015 0.470358568025 0.000459334539086
0.492244830513 0.00769132547676 7.5110600359e-06 0.00769132547676 0.492244830513 0.000120176960574
0.166666666667 0.166666666667 0.166666666667 0.166666666667 0.166666666667 0.166666666667
0.266666666667 0.0666666666667 0.0666666666667 0.266666666667 0.0666666666667 0.266666666667
0.592592592593 0.037037037037 0.037037037037 0.148148148148 0.037037037037 0.148148148148
0.853333333333 0.0133333333333 0.0133333333333 0.0533333333333 0.0133333333333 0.0533333333333
0.853333333333 0.0133333333333 0.0133333333333 0.0533333333333 0.0133333333333 0.0533333333333
0.609523809524 0.0380952380952 0.00952380952381 0.152380952381 0.0380952380952 0.152380952381
0.592592592593 0.037037037037 0.037037037037 0.148148148148 0.037037037037 0.148148148148
0.711111111111 0.0111111111111 0.0111111111111 0.177777777778 0.0444444444444 0.0444444444444
0.166666666667 0.166666666667 0.166666666667 0.166666666667 0.166666666667 0.166666666667
0.0666666666667 0.266666666667 0.0666666666667 0.266666666667 0.0666666666667 0.266666666667
0.0666666666667 0.266666666667 0.0666666666667 0.266666666667 0.0666666666667 0.266666666667
0.190476190476 0.190476190476 0.047619047619 0.190476190476 0.190476190476 0.190476190476
0.190476190476 0.190476190476 0.047619047619 0.190476190476 0.190476190476 0.190476190476
0.197530864198 0.197530864198 0.0123456790123 0.197530864198 0.197530864198 0.197530864198
0.124031007752 0.496124031008 0.0077519379845 0.124031007752 0.124031007752 0.124031007752
0.124756335283 0.499025341131 0.00194931773879 0.124756335283 0.124756335283 0.124756335283
0.363120567376 0.363120567376 0.00141843971631 0.090780141844 0.090780141844 0.090780141844
0.615015015015 0.153753753754 0.000600600600601 0.0384384384384 0.153753753754 0.0384384384384
0.864682288368 0.054042643023 0.000211104074309 0.0135106607558 0.054042643023 0.0135106607558
0.166666666667 0.166666666667 0.166666666667 0.166666666667 0.166666666667 0.166666666667
0.222222222222 0.222222222222 0.0555555555556 0.222222222222 0.0555555555556 0.222222222222
0.222222222222 0.222222222222 0.0555555555556 0.222222222222 0.0555555555556 0.222222222222
0.484848484848 0.121212121212 0.030303030303 0.121212121212 0.121212121212 0.121212121212
0.688172043011 0.0430107526882 0.010752688172 0.0430107526882 0.172043010753 0.0430107526882
0.688172043011 0.0430107526882 0.010752688172 0.0430107526882 0.172043010753 0.0430107526882
0.742028985507 0.0115942028986 0.00289855072464 0.0115942028986 0.185507246377 0.0463768115942
0.166666666667 0.166666666667 0.166666666667 0.166666666667 0.166666666667 0.166666666667
0.0555555555556 0.222222222222 0.0555555555556 0.222222222222 0.222222222222 0.222222222222
0.0555555555556 0.222222222222 0.0555555555556 0.222222222222 0.222222222222 0.222222222222
0.121212121212 0.121212121212 0.030303030303 0.121212121212 0.484848484848 0.121212121212
0.121212121212 0.121212121212 0.030303030303 0.121212121212 0.484848484848 0.121212121212
0.152380952381 0.0380952380952 0.00952380952381 0.152380952381 0.609523809524 0.0380952380952
0.124031007752 0.124031007752 0.0077519379845 0.124031007752 0.496124031008 0.124031007752
0.137634408602 0.137634408602 0.00215053763441 0.137634408602 0.550537634409 0.0344086021505
0.301531213192 0.075382803298 0.00117785630153 0.301531213192 0.301531213192 0.0188457008245
0.429350104822 0.0268343815514 0.00041928721174 0.107337526205 0.429350104822 0.00670859538784
0.397361272798 0.0993403181995 0.000388048117967 0.0993403181995 0.397361272798 0.00620876988747
0.725084085679 0.0453177553549 0.000177022481855 0.0453177553549 0.18127102142 0.00283235970968
0.752353400377 0.0117555218809 4.59200073472e-05 0.0470220875235 0.188088350094 0.000734720117555
0.470358568025 0.0293974105015 2.87084086929e-05 0.0293974105015 0.470358568025 0.000459334539086
0.492244830513 0.00769132547676 7.5110600359e-06 0.00769132547676 0.492244830513 0.000120176960574
0.166666666667 0.166666666667 0.166666666667 0.166666666667 0.166666666667 0.166666666667
0.0666666666667 0.0666666666667 0.266666666667 0.266666666667 0.0666666666667 0.266666666667
0.190476190476 0.047619047619 0.190476190476 0.190476190476 0.190476190476 0.190476190476
0.121212121212 0.030303030303 0.121212121212 0.121212121212 0.484848484848 0.121212121212
0.111111111111 0.111111111111 0.111111111111 0.111111111111 0.444444444444 0.111111111111
0.266666666667 0.266666666667 0.0666666666667 0.0666666666667 0.266666666667 0.0666666666667
0.533333333333 0.133333333333 0.0333333333333 0.133333333333 0.133333333333 0.0333333333333
0.820512820513 0.0512820512821 0.0128205128205 0.0512820512821 0.0512820512821 0.0128205128205
0.820512820513 0.0512820512821 0.0128205128205 0.0512820512821 0.0512820512821 0.0128205128205
0.87074829932 0.0136054421769 0.00340136054422 0.0544217687075 0.0544217687075 0.00340136054422
0.166666666667 0.166666666667 0.166666666667 0.166666666667 0.166666666667 0.166666666667
