Price Resolution OpticalZoom DigitalZoom Weight StorageIncluded
0.166666666667 0.166666666667 0.166666666667 0.166666666667 0.166666666667 0.166666666667
0.0333333333333 0.233333333333 0.0333333333333 0.233333333333 0.233333333333 0.233333333333
0.0333333333333 0.233333333333 0.0333333333333 0.233333333333 0.233333333333 0.233333333333
0.0333333333333 0.233333333333 0.0333333333333 0.233333333333 0.233333333333 0.233333333333
0.516666666667 0.116666666667 0.0166666666667 0.116666666667 0.116666666667 0.116666666667
0.505555555556 0.372222222222 0.00555555555556 0.0388888888889 0.0388888888889 0.0388888888889
0.376388888889 0.0930555555556 0.00138888888889 0.259722222222 0.259722222222 0.00972222222222
0.125462962963 0.364351851852 0.333796296296 0.0865740740741 0.0865740740741 0.00324074074074
0.166666666667 0.166666666667 0.166666666667 0.166666666667 0.166666666667 0.166666666667
0.166666666667 0.166666666667 0.166666666667 0.166666666667 0.166666666667 0.166666666667
0.0333333333333 0.233333333333 0.233333333333 0.233333333333 0.233333333333 0.0333333333333
0.0111111111111 0.411111111111 0.0777777777778 0.0777777777778 0.411111111111 0.0111111111111
0.166666666667 0.166666666667 0.166666666667 0.166666666667 0.166666666667 0.166666666667
0.0333333333333 0.233333333333 0.0333333333333 0.233333333333 0.233333333333 0.233333333333
0.0333333333333 0.233333333333 0.0333333333333 0.233333333333 0.233333333333 0.233333333333
0.0333333333333 0.233333333333 0.0333333333333 0.233333333333 0.233333333333 0.233333333333
0.516666666667 0.116666666667 0.0166666666667 0.116666666667 0.116666666667 0.116666666667
0.379166666667 0.0291666666667 0.00416666666667 0.279166666667 0.279166666667 0.0291666666667
0.189583333333 0.514583333333 0.00208333333333 0.139583333333 0.139583333333 0.0145833333333
0.166666666667 0.166666666667 0.166666666667 0.166666666667 0.166666666667 0.166666666667
