Price Resolution OpticalZoom DigitalZoom Weight StorageIncluded
0.166666666667 0.166666666667 0.166666666667 0.166666666667 0.166666666667 0.166666666667
0.166666666667 0.166666666667 0.166666666667 0.166666666667 0.166666666667 0.166666666667
0.166666666667 0.166666666667 0.166666666667 0.166666666667 0.166666666667 0.166666666667
0.166666666667 0.166666666667 0.166666666667 0.166666666667 0.166666666667 0.166666666667
0.166666666667 0.166666666667 0.166666666667 0.166666666667 0.166666666667 0.166666666667
0.0666666666667 0.266666666667 0.266666666667 0.266666666667 0.0666666666667 0.0666666666667
0.121212121212 0.484848484848 0.121212121212 0.121212121212 0.121212121212 0.030303030303
0.0430107526882 0.688172043011 0.0430107526882 0.0430107526882 0.172043010753 0.010752688172
0.0969696969697 0.387878787879 0.0969696969697 0.0242424242424 0.387878787879 0.00606060606061
0.166666666667 0.166666666667 0.166666666667 0.166666666667 0.166666666667 0.166666666667
0.190476190476 0.190476190476 0.190476190476 0.190476190476 0.047619047619 0.190476190476
0.333333333333 0.333333333333 0.0833333333333 0.0833333333333 0.0833333333333 0.0833333333333
0.592592592593 0.148148148148 0.037037037037 0.037037037037 0.148148148148 0.037037037037
0.166666666667 0.166666666667 0.166666666667 0.166666666667 0.166666666667 0.166666666667
0.0833333333333 0.0833333333333 0.333333333333 0.333333333333 0.0833333333333 0.0833333333333
0.222222222222 0.0555555555556 0.222222222222 0.222222222222 0.222222222222 0.0555555555556
0.296296296296 0.0185185185185 0.0740740740741 0.296296296296 0.296296296296 0.0185185185185
0.296296296296 0.0185185185185 0.0740740740741 0.296296296296 0.296296296296 0.0185185185185
0.627450980392 0.00980392156863 0.0392156862745 0.156862745098 0.156862745098 0.00980392156863
0.418300653595 0.0261437908497 0.0261437908497 0.104575163399 0.418300653595 0.00653594771242
0.651399491094 0.0101781170483 0.0101781170483 0.162849872774 0.162849872774 0.00254452926209
0.881998277347 0.00344530577089 0.00344530577089 0.0551248923342 0.0551248923342 0.000861326442722
0.166666666667 0.166666666667 0.166666666667 0.166666666667 0.166666666667 0.166666666667
0.0666666666667 0.266666666667 0.266666666667 0.266666666667 0.0666666666667 0.0666666666667
0.121212121212 0.484848484848 0.121212121212 0.121212121212 0.121212121212 0.030303030303
0.0430107526882 0.688172043011 0.0430107526882 0.0430107526882 0.172043010753 0.010752688172
0.0969696969697 0.387878787879 0.0969696969697 0.0242424242424 0.387878787879 0.00606060606061
0.166666666667 0.166666666667 0.166666666667 0.166666666667 0.166666666667 0.166666666667
0.0666666666667 0.266666666667 0.266666666667 0.266666666667 0.0666666666667 0.0666666666667
0.121212121212 0.484848484848 0.121212121212 0.121212121212 0.121212121212 0.030303030303
0.0430107526882 0.688172043011 0.0430107526882 0.0430107526882 0.172043010753 0.010752688172
0.0969696969697 0.387878787879 0.0969696969697 0.0242424242424 0.387878787879 0.00606060606061
0.166666666667 0.166666666667 0.166666666667 0.166666666667 0.166666666667 0.166666666667
0.0666666666667 0.0666666666667 0.266666666667 0.266666666667 0.0666666666667 0.266666666667
0.190476190476 0.047619047619 0.190476190476 0.190476190476 0.190476190476 0.190476190476
0.111111111111 0.111111111111 0.111111111111 0.111111111111 0.444444444444 0.111111111111
0.111111111111 0.111111111111 0.111111111111 0.111111111111 0.444444444444 0.111111111111
0.133333333333 0.133333333333 0.133333333333 0.0333333333333 0.533333333333 0.0333333333333
0.355555555556 0.0888888888889 0.0888888888889 0.0888888888889 0.355555555556 0.0222222222222
