Price Resolution OpticalZoom DigitalZoom Weight StorageIncluded
0.166666666667 0.166666666667 0.166666666667 0.166666666667 0.166666666667 0.166666666667
0.190476190476 0.190476190476 0.047619047619 0.190476190476 0.190476190476 0.190476190476
0.166666666667 0.166666666667 0.166666666667 0.166666666667 0.166666666667 0.166666666667
0.333333333333 0.0833333333333 0.0833333333333 0.0833333333333 0.333333333333 0.0833333333333
0.266666666667 0.266666666667 0.0666666666667 0.0666666666667 0.266666666667 0.0666666666667
0.133333333333 0.133333333333 0.0333333333333 0.133333333333 0.533333333333 0.0333333333333
0.156862745098 0.156862745098 0.00980392156863 0.0392156862745 0.627450980392 0.00980392156863
0.426666666667 0.106666666667 0.00666666666667 0.0266666666667 0.426666666667 0.00666666666667
0.723163841808 0.045197740113 0.00282485875706 0.045197740113 0.180790960452 0.00282485875706
0.636815920398 0.1592039801 0.00248756218905 0.0398009950249 0.1592039801 0.00248756218905
0.166666666667 0.166666666667 0.166666666667 0.166666666667 0.166666666667 0.166666666667
0.0666666666667 0.266666666667 0.266666666667 0.266666666667 0.0666666666667 0.0666666666667
0.121212121212 0.484848484848 0.121212121212 0.121212121212 0.121212121212 0.030303030303
0.0430107526882 0.688172043011 0.0430107526882 0.0430107526882 0.172043010753 0.010752688172
0.166666666667 0.166666666667 0.166666666667 0.166666666667 0.166666666667 0.166666666667
0.222222222222 0.0555555555556 0.222222222222 0.222222222222 0.222222222222 0.0555555555556
0.355555555556 0.0888888888889 0.0888888888889 0.0888888888889 0.355555555556 0.0222222222222
0.45390070922 0.0283687943262 0.0283687943262 0.0283687943262 0.45390070922 0.00709219858156
0.166666666667 0.166666666667 0.166666666667 0.166666666667 0.166666666667 0.166666666667
0.0666666666667 0.266666666667 0.266666666667 0.266666666667 0.0666666666667 0.0666666666667
0.121212121212 0.484848484848 0.121212121212 0.121212121212 0.121212121212 0.030303030303
0.0430107526882 0.688172043011 0.0430107526882 0.0430107526882 0.172043010753 0.010752688172
0.166666666667 0.166666666667 0.166666666667 0.166666666667 0.166666666667 0.166666666667
0.222222222222 0.222222222222 0.222222222222 0.222222222222 0.0555555555556 0.0555555555556
0.484848484848 0.121212121212 0.121212121212 0.121212121212 0.121212121212 0.030303030303
0.688172043011 0.0430107526882 0.0430107526882 0.0430107526882 0.172043010753 0.010752688172
0.45390070922 0.0283687943262 0.0283687943262 0.0283687943262 0.45390070922 0.00709219858156
0.166666666667 0.166666666667 0.166666666667 0.166666666667 0.166666666667 0.166666666667
0.166666666667 0.166666666667 0.166666666667 0.166666666667 0.166666666667 0.166666666667
0.0666666666667 0.266666666667 0.266666666667 0.266666666667 0.0666666666667 0.0666666666667
0.121212121212 0.484848484848 0.121212121212 0.121212121212 0.121212121212 0.030303030303
0.0430107526882 0.688172043011 0.0430107526882 0.0430107526882 0.172043010753 0.010752688172
0.166666666667 0.166666666667 0.166666666667 0.166666666667 0.166666666667 0.166666666667
0.166666666667 0.166666666667 0.166666666667 0.166666666667 0.166666666667 0.166666666667
0.0666666666667 0.266666666667 0.266666666667 0.266666666667 0.0666666666667 0.0666666666667
0.121212121212 0.484848484848 0.121212121212 0.121212121212 0.121212121212 0.030303030303
0.0430107526882 0.688172043011 0.0430107526882 0.0430107526882 0.172043010753 0.010752688172
0.166666666667 0.166666666667 0.166666666667 0.166666666667 0.166666666667 0.166666666667
0.0833333333333 0.0833333333333 0.333333333333 0.333333333333 0.0833333333333 0.0833333333333
0.190476190476 0.190476190476 0.190476190476 0.190476190476 0.190476190476 0.047619047619
0.0888888888889 0.355555555556 0.0888888888889 0.0888888888889 0.355555555556 0.0222222222222
