1 67.7604651163
2 38.2453488372
3 31.3488372093
4 26.7697674419
5 24.6523255814
6 23.3186046512
7 20.5023255814
8 17.8197674419
9 15.8709302326
10 13.3674418605
11 11.5755813953
12 9.55930232558
13 8.26511627907
14 7.6
15 6.39534883721
16 5.33023255814
17 4.52093023256
18 3.95465116279
19 3.28604651163
20 2.68720930233
21 2.20581395349
22 1.77325581395
23 1.34069767442
24 1.07906976744
25 0.743023255814
26 0.575581395349
27 0.391860465116
28 0.28023255814
29 0.175581395349
30 0.108139534884
31 0.0697674418605
32 0.0290697674419
33 0.00348837209302
