1 66.7988372093
2 64.1417910448
3 69.0487421384
4 70.7595993322
5 69.1398601399
6 66.3393829401
7 62.844402277
8 57.7815631263
9 53.6673728814
10 51.9174311927
11 50.9368686869
12 51.3044692737
13 51.5969230769
14 50.3422818792
15 52.3992395437
16 50.0769230769
17 47.5541125541
18 46.5023041475
19 43.7087378641
20 42.7860962567
21 41.0473372781
22 39.1038961039
23 35.1944444444
24 31.3970588235
25 27.9365079365
26 24.9224137931
27 21.9514563107
28 19.0333333333
29 16.3157894737
30 13.8153846154
31 9.87931034483
32 7.34090909091
33 4.2
34 2.26666666667
35 0.0
