1 103.983809524
2 105.197142857
3 99.679047619
4 96.0076190476
5 92.9380952381
6 88.8838095238
7 83.3352380952
8 78.7714285714
9 75.3714285714
10 71.1923809524
11 67.1247619048
12 62.9961904762
13 58.7971428571
14 54.5657142857
15 50.4
16 46.9285714286
17 43.360952381
18 40.0695238095
19 36.9257142857
20 33.859047619
21 30.8028571429
22 27.9228571429
23 25.2838095238
24 22.8428571429
25 20.4761904762
26 18.240952381
27 16.1933333333
28 14.3085714286
29 12.5657142857
30 10.9657142857
31 9.4419047619
32 7.85904761905
33 6.4780952381
34 5.1780952381
35 4.02761904762
36 3.03428571429
37 2.18761904762
38 1.44380952381
39 0.889523809524
40 0.509523809524
41 0.248571428571
42 0.0790476190476
