1 68.2186046512
2 24.3790697674
3 19.7372093023
4 17.2976744186
5 15.4302325581
6 14.3139534884
7 12.8709302326
8 11.123255814
9 9.97209302326
10 8.40348837209
11 7.04302325581
12 5.98953488372
13 5.21046511628
14 4.60930232558
15 3.98488372093
16 3.29418604651
17 2.77209302326
18 2.3023255814
19 1.81395348837
20 1.47441860465
21 1.21976744186
22 1.0023255814
23 0.897674418605
24 0.713953488372
25 0.58023255814
26 0.483720930233
27 0.396511627907
28 0.293023255814
29 0.239534883721
30 0.189534883721
31 0.0988372093023
32 0.0546511627907
33 0.0267441860465
34 0.0104651162791
35 0.0
