1 68.6639534884
2 49.1639534884
3 28.6662790698
4 22.6593023256
5 19.6069767442
6 18.1441860465
7 17.023255814
8 15.6686046512
9 13.4965116279
10 12.5337209302
11 9.48604651163
12 8.16046511628
13 7.65348837209
14 6.61511627907
15 5.32674418605
16 4.6023255814
17 4.01395348837
18 3.50581395349
19 2.85465116279
20 2.14186046512
21 1.52790697674
22 1.26046511628
23 0.998837209302
24 0.713953488372
25 0.461627906977
26 0.306976744186
27 0.267441860465
28 0.202325581395
29 0.112790697674
30 0.0639534883721
31 0.0476744186047
32 0.0418604651163
33 0.0197674418605
34 0.00697674418605
35 0.0
