1 68.2186046512
2 45.6775599129
3 42.5413533835
4 44.0118343195
5 44.9830508475
6 45.5925925926
7 46.3138075314
8 44.7009345794
9 43.5329949239
10 41.774566474
11 39.3311688312
12 37.3260869565
13 37.0330578512
14 35.0796460177
15 34.9693877551
16 35.4125
17 33.1111111111
18 30.9375
19 28.3636363636
20 26.4166666667
21 25.5853658537
22 23.2972972973
23 25.7333333333
24 29.2380952381
25 24.95
26 23.1111111111
27 21.3125
28 16.8
29 15.8461538462
30 13.5833333333
31 8.5
32 6.71428571429
33 5.75
34 4.5
35 0.0
