1 67.7604651163
2 50.5238095238
3 45.4637436762
4 45.1411764706
5 48.7379310345
6 52.0883116883
7 49.3893557423
8 46.1596385542
9 44.8980263158
10 40.3368421053
11 39.0392156863
12 38.2372093023
13 39.7094972067
14 41.6305732484
15 38.1944444444
16 34.7272727273
17 33.2307692308
18 32.0849056604
19 28.8367346939
20 27.1882352941
21 26.3472222222
22 26.2931034483
23 22.1730769231
24 22.6341463415
25 17.75
26 17.0689655172
27 16.0476190476
28 16.0666666667
29 10.7857142857
30 8.45454545455
31 12.0
32 6.25
33 0.75
