1 66.7988372093
2 49.9709302326
3 51.0639534884
4 49.2848837209
5 45.9860465116
6 42.5034883721
7 38.5104651163
8 33.526744186
9 29.4546511628
10 26.3209302326
11 23.4546511628
12 21.3569767442
13 19.4988372093
14 17.4441860465
15 16.0244186047
16 14.3825581395
17 12.773255814
18 11.7337209302
19 10.4697674419
20 9.30348837209
21 8.06627906977
22 7.0023255814
23 5.89302325581
24 4.96511627907
25 4.09302325581
26 3.36162790698
27 2.62906976744
28 1.99186046512
29 1.44186046512
30 1.04418604651
31 0.666279069767
32 0.375581395349
33 0.146511627907
34 0.0395348837209
35 0.0
